5130.557591256041	750	4.0	3.1399004752603634	496896	3139.9004752603632	0.0	-30.649004752603634
5131.404365638825	300	7.153225617215673	0.0	100931	846.7743827843271	0.45	-0.15000000000000002
5133.331850704975	750	9.225740551065813	0.0	417058	1927.4850661498597	0.45	0.3
5136.973512553976	1200	9.584078702064497	0.0	750960	3641.661849001317	0.45	0.75
5139.562684940817	1200	10.994906315224451	0.0	553491	2589.1723868400463	0.0	1.2
5142.491154234005	1200	12.066437022035936	0.0	679669	2928.4692931885143	0.0	1.2
5146.578760697939	1850	11.978830558101237	0.0	897133	4087.6064639346987	0.65	1.2000000000000002
5150.7141045144035	1850	11.843486741637735	0.0	854508	4135.343816463503	0.0	1.85
5155.989733451408	1850	10.56785780463237	0.0	958136	5275.6289370053655	0.0	1.85
5159.947954917865	1200	10.60963633817538	0.0	752035	3958.2214664569883	0.65	0.5499999999999999
5162.942787133064	1200	11.614804122976663	0.0	512467	2994.8322151987177	0.0	1.2
5167.026500577082	1850	11.531090678957694	0.0	812764	4083.7134440189684	0.65	1.2000000000000002
5172.278181557528	1850	10.279409698511454	0.0	1098076	5251.680980446241	0.0	1.85
5175.86125098173	1200	10.69634027430835	0.0	732887	3583.0694242031036	0.65	0.5499999999999999
5179.705987786406	1200	10.851603469632968	0.0	768278	3844.736804675382	0.0	1.2
5182.96351440509	1200	11.594076850949342	0.0	650673	3257.5266186836257	0.0	1.2
5186.91655666987	1850	11.641034586168406	0.0	913909	3953.042264780937	0.65	1.2000000000000002
5191.866929848405	1850	10.690661407633895	0.0	1012433	4950.373178534511	0.0	1.85
5195.083195389341	1200	11.474395866696602	0.0	685116	3216.265540937292	0.65	0.5499999999999999
5200.5269760386445	1850	10.030615217394404	0.0	883475	5443.780649302198	0.65	1.2000000000000002
5204.383617054353	1200	10.173974201685745	0.0	770303	3856.6410157086584	0.65	0.5499999999999999
5207.224790048053	1200	11.332801207985174	0.0	558018	2841.1729937005716	0.0	1.2
5213.280407022321	1850	9.277184233717874	0.0	821946	6055.616974267301	0.65	1.2000000000000002
5218.118365010625	1200	8.439226245413975	0.0	659492	4837.957988303899	0.65	0.5499999999999999
5221.517474194036	750	9.040117062002174	0.0	411585	3399.1091834118	0.45	0.3
5226.318520400451	1200	8.239070855587299	0.0	692588	4801.046206414875	0.45	0.75
5227.69872975646	750	10.858861499577811	0.0	261042	1380.209356009486	0.45	0.3
5230.672578716428	1200	11.88501253961055	0.0	670437	2973.8489599672607	0.45	0.75
5235.1483733250825	1850	11.40921793095589	0.0	975109	4475.79460865466	0.65	1.2000000000000002
5239.94176837493	1850	10.615822881108333	0.0	1039591	4793.395049847558	0.0	1.85
5242.840944219324	1200	11.716647036714381	0.0	581068	2899.1758443939507	0.65	0.5499999999999999
5247.396461289975	1850	11.16112996606221	0.0	1009814	4555.517070652172	0.65	1.2000000000000002
5252.472058581582	1850	10.085532674456038	0.0	1092258	5075.597291606171	0.0	1.85
5255.8873000062795	1200	10.670291249758463	0.0	621262	3415.2414246975754	0.65	0.5499999999999999
5260.474080982963	1200	10.083510273075284	0.0	513933	4586.780976683181	0.0	1.2
5265.441873966062	1200	9.11571728997558	0.0	734468	4967.792983099705	0.0	1.2
5269.39994518686	1200	9.157646069178199	0.0	566795	3958.071220797379	0.0	1.2
5273.049347767741	1200	9.508243488296339	0.0	536446	3649.402580881861	0.0	1.2
5280.743460486252	1200	5.814130769785829	0.0	667775	7694.11271851051	0.0	1.2
5283.0492911088295	300	7.508300147207661	0.0	161516	2305.8306225781685	0.9	-0.6000000000000001
5286.374289603866	750	8.183301652172231	0.0	382374	3324.99849503543	0.45	0.3
5288.563900264274	750	9.993690991764831	0.0	204922	2189.6106604073993	0.0	0.75
5295.74758686236	1200	6.8100043936794785	0.0	639905	7183.686598085354	0.45	0.75
5297.41879559914	300	9.138795656898354	0.0	139365	1671.2087367811257	0.9	-0.6000000000000001
5303.874855695512	1200	6.682735560526125	0.0	786670	6456.060096372228	0.9	0.29999999999999993
5305.579912325036	300	8.977678931002002	0.0	144037	1705.0566295241244	0.9	-0.6000000000000001
5307.676195457485	750	10.881395798554275	0.0	303693	2096.283132447727	0.45	0.3
5311.158765276384	1200	11.3988259796553	0.0	656943	3482.569818898976	0.45	0.75

