16265.298135298111	300	4.0	1.2172273801730016	134752	1217.2273801730016	0.0	-11.872273801730016
16266.246684867936	300	7.051450430175602	0.0	100931	948.5495698243985	0.0	0.3
16268.422153504633	300	8.875981793479339	0.0	161324	2175.4686366962633	0.0	0.3
16273.660917126539	750	7.637218171573686	0.0	450960	5238.763621905653	0.45	0.3
16276.984819864805	300	8.313315433307041	0.0	153491	3323.9027382666436	0.45	-0.15000000000000002
16281.07033338298	300	8.227801915131916	0.0	150777	4085.513518175124	0.0	0.3
16283.763509783583	300	9.534625514529136	0.0	148597	2693.1764006027815	0.0	0.3
16286.948735766042	300	10.34939953206921	0.0	161722	3185.2259824599264	0.0	0.3
16290.753124026833	300	10.545011271277788	0.0	197133	3804.3882607914215	0.0	0.3
16293.627684842288	300	11.670450455822136	0.0	154508	2874.560815455652	0.0	0.3
16296.739742738484	300	12.558392559626657	0.0	127064	3112.057896195478	0.0	0.3
16300.121234486805	300	13.176900811304755	0.0	106819	3381.4917483219033	0.0	0.3
16312.313487840953	750	4.984647457157738	0.0	498076	12192.253354147017	0.45	0.3
16317.703448127497	300	4.0	0.4053128293861864	176784	5389.960286543925	0.45	-4.203128293861864
16322.236546139136	300	4.0	0.5330980116388327	127732	4533.098011638833	0.0	-5.030980116388328
16326.108447446933	300	4.128098692203754	0.0	164342	3871.9013077962454	0.0	0.3
16327.596002215267	300	6.640543923870064	0.0	154205	1487.5547683336906	0.0	0.3
16328.609286611058	300	9.62725952807787	0.0	158473	1013.2843957921949	0.0	0.3
16329.272840119746	300	12.96370601939032	0.0	112467	663.5535086875489	0.0	0.3
16329.923404731158	300	16.31314140797835	0.0	112764	650.5646114119718	0.0	0.3
16330.638078871278	300	19.598467267857757	0.0	139768	714.6741401205917	0.0	0.3
16331.235793706926	300	23.00075243221107	0.0	109931	597.7148356466842	0.0	0.3
16332.419115538665	750	25.817430600470257	0.0	221946	1183.3218317408132	0.45	0.3
16334.338234043664	750	27.898312095472043	0.0	359492	1919.118504998212	0.0	0.75
16336.290280831676	750	29.94626530745916	0.0	411585	1952.0467880128808	0.0	0.75
16337.902917306374	750	32.333628832762855	0.0	392588	1612.6364746963068	0.0	0.75
16340.862394843933	1200	33.374151295202616	0.0	561042	2959.477537560235	0.45	0.75
16344.265550190112	1200	33.970995949023305	0.0	670437	3403.155346179313	0.0	1.2
16347.72978768603	1200	34.50675845310619	0.0	675109	3464.2374959171143	0.0	1.2
16353.287512402465	1200	32.94903373667061	0.0	739591	5557.724716435582	0.0	1.2
16358.167499120013	1200	32.0690470191247	0.0	581068	4879.986717545905	0.0	1.2
16366.757098641123	1850	27.479447498012576	0.0	1009814	8589.599521112128	0.65	1.2000000000000002
16375.65596450589	1850	22.580581633245878	0.0	1092258	8898.865864766698	0.0	1.85
16380.553606844964	1200	21.682939294171977	0.0	621262	4897.6423390739	0.65	0.5499999999999999
16382.098740936866	750	24.13780520226907	0.0	213933	1545.1340919029049	0.45	0.3
16383.013896064738	300	27.222650074396366	0.0	121946	915.1551278727061	0.45	-0.15000000000000002
16385.029092850218	750	29.20745328891705	0.0	266795	2015.1967854793131	0.45	0.3
16386.652042112444	750	31.584504026691537	0.0	236446	1622.949262225512	0.0	0.75
16389.252901727235	750	32.98364441189851	0.0	367775	2600.859614793026	0.0	0.75
16391.94718491084	750	34.28936122829438	0.0	391562	2694.28318360413	0.0	0.75
16395.663641556683	1200	34.57290458245185	0.0	682374	3716.4566458425343	0.45	0.75
16398.207474420502	1200	36.029071718633865	0.0	504922	2543.832863817981	0.0	1.2
16403.05522546302	1850	35.18132067611588	0.0	939905	4847.75104251799	0.65	1.2000000000000002
16409.825561939735	2850	32.41098419940211	0.0	1551103	6770.336476713767	1.0	1.85
16423.246619503192	4300	22.989926635946183	0.0	2492063	13421.05756345593	1.45	2.8499999999999996
16430.436086499318	2850	19.80045963981978	0.0	1594984	7189.466996126403	1.45	1.4000000000000001
16434.484424172126	1850	19.752121967009824	0.0	903693	4048.3376728099583	1.0	0.8500000000000001
16439.27784364234	1850	18.95870249679587	0.0	956943	4793.4194702139575	0.0	1.85

