17850.61554112902	300	4.0	1.2172273801730016	134752	1217.2273801730016	0.0	-11.872273801730016
17851.56409069884	300	7.051450430175602	0.0	100931	948.5495698243985	0.0	0.3
17853.739559335536	300	8.875981793479339	0.0	161324	2175.4686366962633	0.0	0.3
17858.978322957442	750	7.637218171573686	0.0	450960	5238.763621905653	0.45	0.3
17865.19425679139	750	5.4212843376228514	0.0	253491	6215.933833950835	0.0	0.75
17868.10565276797	300	6.509888361044401	0.0	150777	2911.3959765784507	0.45	-0.15000000000000002
17871.0014409711	300	7.614100157914107	0.0	148597	2895.7882031302934	0.0	0.3
17874.159508769182	300	8.456032359834042	0.0	161722	3158.067798080066	0.0	0.3
17877.87921343105	300	8.736327697964015	0.0	197133	3719.7046618700288	0.0	0.3
17881.299069508274	300	9.316471620740355	0.0	154508	3419.8560772236606	0.0	0.3
17885.119549642728	300	9.495991486287595	0.0	127064	3820.480134452758	0.0	0.3
17888.944882801694	300	9.67065832732134	0.0	106819	3825.3331589662553	0.0	0.3
17892.629470220694	300	9.986070908320652	0.0	167782	3684.587419000687	0.0	0.3
17896.49801354662	300	10.117527582394759	0.0	176784	3868.5433259258944	0.0	0.3
17899.94732477348	300	10.668216355536375	0.0	127732	3449.311226858385	0.0	0.3
17905.334679117008	300	9.28086201200794	0.0	164342	5387.354343528435	0.0	0.3
17909.888334339816	300	8.727206789199508	0.0	154205	4553.655222808431	0.0	0.3
17912.506792784476	300	10.108748344541608	0.0	158473	2618.4584446579015	0.0	0.3
17913.348800534815	300	13.266740594200794	0.0	112467	842.007750340814	0.0	0.3
17914.05928228574	300	16.556258843277938	0.0	112764	710.4817509228544	0.0	0.3
17916.427175382847	750	18.18836574616695	0.0	470303	2367.8930971109858	0.45	0.3
17917.7900496561	750	20.825491472914127	0.0	258018	1362.8742732528212	0.0	0.75
17920.530986096655	1200	22.084555032359166	0.0	521946	2740.9364405549586	0.45	0.75
17923.25788805408	1200	23.357653074934625	0.0	659492	2726.901957424542	0.0	1.2
17926.979227761265	1200	23.63631336775013	0.0	711585	3721.3397071844925	0.0	1.2
17930.568927555792	1200	24.04661357322353	0.0	692588	3589.699794526602	0.0	1.2
17933.46816033267	1200	25.147380796343707	0.0	561042	2899.2327768798223	0.0	1.2
17938.716571230714	1200	23.89896989830351	0.0	670437	5248.410898040198	0.0	1.2
17944.35308192109	1200	22.262459207926465	0.0	675109	5636.510690377044	0.0	1.2
17950.745078790485	1200	19.870462338528213	0.0	739591	6391.996869398251	0.0	1.2
17955.383444312047	1200	19.232096816965107	0.0	581068	4638.365521563108	0.0	1.2
17961.37089958001	1200	17.244641548997485	0.0	709814	5987.455267967619	0.0	1.2
17967.346088974107	1200	15.26945215490394	0.0	792258	5975.189394093546	0.0	1.2
17971.707939717144	1200	14.907601411866377	0.0	621262	4361.850743037562	0.0	1.2
17973.25897558308	750	17.356565545930373	0.0	213933	1551.0358659360002	0.45	0.3
17976.251049106362	750	18.364492022646715	0.0	434468	2992.0735232836596	0.0	0.75
17979.506934224377	1200	19.108606904631305	0.0	566795	3255.8851180154074	0.45	0.75
17982.314729188773	1200	20.3008119402347	0.0	536446	2807.7949643966044	0.0	1.2
17985.718903997076	1200	20.89663713193343	0.0	667775	3404.174808301269	0.0	1.2
17989.329951758205	1200	21.285589370802153	0.0	691562	3611.0477611312785	0.0	1.2
17993.4397249275	1850	21.17581620150939	0.0	982374	4109.773169292763	0.65	1.2000000000000002
17997.33032568683	1850	21.2852154421795	0.0	804922	3890.6007593298928	0.0	1.85
18004.278512056622	2850	18.3370290723889	0.0	1136446	6948.186369790598	1.0	1.85
18011.317226267583	2850	15.298314861427363	0.0	1551103	7038.714210961537	0.0	2.85
18019.41015158303	2850	11.205389545980529	0.0	1792063	8092.925315446834	0.0	2.85
18027.3900748731	2850	7.225466255908951	0.0	1594984	7979.923290071577	0.0	2.85
18032.00849549315	1850	6.607045635858373	0.0	903693	4618.420620050578	1.0	0.8500000000000001
18038.055160783522	1850	4.560380345487849	0.0	956943	6046.665290370524	0.0	1.85

