11989.670376477208	750	4.0	5.450858047495422	496896	5450.858047495422	0.0	-53.75858047495422
11990.63233067302	300	7.038045804189418	0.0	100931	961.9541958105816	0.45	-0.15000000000000002
11994.549370469189	750	7.121006008019955	0.0	417058	3917.039796169464	0.45	0.3
11998.65661948465	750	7.013756992558232	0.0	450960	4107.249015461723	0.0	0.75
12000.993072930925	750	8.677303546283762	0.0	253491	2336.4534462744705	0.0	0.75
12004.23897732003	750	9.431399157178507	0.0	379669	3245.9043891052524	0.0	0.75
12009.35398268669	1200	8.316393790517944	0.0	597133	5115.005366660563	0.45	0.75
12011.597015062544	750	10.073361414666895	0.0	254508	2243.0323758510494	0.45	0.3
12019.451371536956	1200	6.2190049402545124	0.0	658136	7854.356474412382	0.45	0.75
12020.934484947735	300	8.735891529475103	0.0	154508	1483.1134107794105	0.9	-0.6000000000000001
12022.924902913126	750	10.745473564085906	0.0	212467	1990.4179653891974	0.45	0.3
12027.342852126414	1200	10.327524350797164	0.0	512764	4417.949213288741	0.45	0.75
12034.915559871139	1200	6.754816606072594	0.0	798076	7572.707744724571	0.0	1.2
12037.08051438662	300	8.589862090590312	0.0	176784	2164.9545154822817	0.9	-0.6000000000000001
12043.22868890451	750	6.441687572699034	0.0	468278	6148.174517891278	0.45	0.3
12045.583996793732	300	8.08637968347806	0.0	164342	2355.3078892209737	0.45	-0.15000000000000002
12050.188772965263	750	7.48160351194782	0.0	313909	4604.77617153024	0.45	0.3
12055.310918806084	750	6.359457671126338	0.0	412433	5122.145840821482	0.0	0.75
12056.498030971505	300	9.172345505704643	0.0	112467	1187.1121654216945	0.45	-0.15000000000000002
12061.043892404925	1200	8.626484072285049	0.0	583475	4545.861433419593	0.9	0.29999999999999993
12065.672922332184	750	7.997454145025186	0.0	470303	4629.029927259863	0.45	0.3
12068.597551958612	750	9.072824518599234	0.0	258018	2924.629626425953	0.0	0.75
12072.9633087141	1200	8.707067763110416	0.0	521946	4365.756755488817	0.45	0.75
12077.51691213234	750	8.153464344870574	0.0	359492	4553.603418239841	0.45	0.3
12080.705568225014	750	8.964808252196894	0.0	411585	3188.656092673682	0.0	0.75
12084.171459196436	750	9.498917280773812	0.0	392588	3465.890971423081	0.0	0.75
12088.085368090517	1200	9.585008386693215	0.0	561042	3913.9088940805973	0.45	0.75
12094.55594489314	1200	7.114431584068179	0.0	670437	6470.576802625035	0.0	1.2
12101.309067139553	750	4.361309337655884	0.0	375109	6753.122246412296	0.45	0.3
12104.551855683581	300	5.1185207936267885	0.0	183475	3242.7885440290947	0.45	-0.15000000000000002
12106.467852695008	300	7.202523782200205	0.0	124205	1915.997011426583	0.0	0.3
12110.820695765748	750	6.8496807114623355	0.0	409814	4352.84307073787	0.45	0.3
12113.008562329644	300	8.661814147564252	0.0	163354	2187.866563898083	0.45	-0.15000000000000002
12117.517202548937	750	8.153173928270409	0.0	321262	4508.640219293843	0.45	0.3
12120.168231061138	750	9.502145416070286	0.0	213933	2651.0285122001214	0.0	0.75
12129.408404644226	1200	4.261971832981537	0.0	734468	9240.17358308875	0.45	0.75
12130.810614162334	300	6.859762314875517	0.0	128420	1402.2095181060204	0.9	-0.6000000000000001
12132.495007673748	300	9.175368803461382	0.0	176603	1684.3935114141339	0.0	0.3
12142.33545615681	1200	4.0	0.6650796796016675	667775	9840.44848306305	0.9	-6.350796796016675
12144.784972894973	300	5.5504832618370505	0.0	161516	2449.51673816295	0.9	-0.6000000000000001
12147.381318540416	300	6.9541376163939885	0.0	161042	2596.3456454430616	0.0	0.3
12149.807204236324	300	8.528251920487655	0.0	161603	2425.8856959063332	0.0	0.3
12155.351693809072	750	6.983762347738705	0.0	339905	5544.48957274895	0.45	0.3
12157.438779724931	300	8.89667643187931	0.0	139365	2087.0859158593958	0.45	-0.15000000000000002
12165.659354859681	750	4.676101297128803	0.0	486670	8220.575134750507	0.45	0.3
12167.781259114292	300	6.554197042518499	0.0	144037	2121.904254610305	0.45	-0.15000000000000002
12170.293536310086	300	8.041919846724001	0.0	181068	2512.277195794498	0.0	0.3
12174.882432208815	750	7.453023947995347	0.0	356943	4588.895898728654	0.45	0.3

