14752.563396870852	300	4.0	1.597596947601862	134752	1597.5969476018622	0.0	-15.67596947601862
14753.76722497333	300	6.796171897521951	0.0	100931	1203.828102478049	0.0	0.3
14754.98220812595	300	9.58118874490177	0.0	161324	1214.9831526201806	0.0	0.3
14756.589041143769	300	11.97435572708325	0.0	185986	1606.8330178185215	0.0	0.3
14757.97262668909	300	14.590770181762526	0.0	153491	1383.5855453207248	0.0	0.3
14759.307317826477	300	17.256079044375785	0.0	150777	1334.6911373867426	0.0	0.3
14761.764349925923	750	18.799046944928882	0.0	297133	2457.0320994468993	0.45	0.3
14763.524228505386	750	21.03916836546558	0.0	254508	1759.8785794632995	0.0	0.75
14765.907095325132	750	22.656301545718957	0.0	358136	2382.8668197466245	0.0	0.75
14769.729279429226	750	22.834117441625995	0.0	452035	3822.18410409296	0.0	0.75
14771.290319191208	750	25.273077679643748	0.0	212467	1561.0397619822475	0.0	0.75
14775.109170533664	1200	25.454226337187745	0.0	512764	3818.8513424560033	0.45	0.75
14782.381334411572	1200	22.182062459280555	0.0	798076	7272.163877907192	0.0	1.2
14788.561138081335	1200	20.00225878951745	0.0	732887	6179.803669763103	0.0	1.2
14794.756152659123	1200	17.807244211727962	0.0	768278	6195.01457778949	0.0	1.2
14799.544776847779	1200	17.01862002307271	0.0	650673	4788.624188655251	0.0	1.2
14803.17506518198	1200	17.388331688873386	0.0	613909	3630.288334199326	0.0	1.2
14808.449511092125	1200	16.113885778728484	0.0	712433	5274.445910144902	0.0	1.2
14813.952327829604	1200	14.611069041249515	0.0	685116	5502.816737478968	0.0	1.2
14818.596124030577	1200	13.9672728402765	0.0	583475	4643.7962009730145	0.0	1.2
14825.273740924873	1200	11.289655945980456	0.0	770303	6677.616894296044	0.0	1.2
14830.397391258442	1200	10.16600561241077	0.0	558018	5123.650333569687	0.0	1.2
14835.667620704877	1200	8.895776165978171	0.0	521946	5270.229446432597	0.0	1.2
14847.34212308507	1200	4.0	2.7787262142153595	659492	11674.502380193531	0.0	-26.587262142153595
14854.252183992825	750	4.0	2.910060907755543	411585	6910.060907755543	0.45	-28.80060907755543
14856.362653412205	300	5.889530580621569	0.0	141082	2110.4694193784308	0.45	-0.15000000000000002
14858.480183634914	300	7.772000357911902	0.0	143746	2117.530222709667	0.0	0.3
14861.641172395475	300	8.611011597351437	0.0	181361	3160.9887605604645	0.0	0.3
14864.014666853041	300	10.237517139783932	0.0	154044	2373.4944575675026	0.0	0.3
14865.851071796746	300	12.401112196081588	0.0	183475	1836.404943702345	0.0	0.3
14866.983498699103	300	15.268685293723818	0.0	124205	1132.4269023577683	0.0	0.3
14868.242183753748	300	18.010000239078842	0.0	147805	1258.6850546449728	0.0	0.3
14871.646758055556	750	18.605425937270457	0.0	492258	3404.5743018083854	0.45	0.3
14874.39419278535	750	19.85799120747714	0.0	321262	2747.4347297933186	0.0	0.75
14875.915027271903	750	22.337156720923875	0.0	213933	1520.8344865532677	0.0	0.75
14880.474067371819	1200	21.778116621007893	0.0	734468	4559.040099915983	0.45	0.75
14884.451499965282	1200	21.80068402754423	0.0	566795	3977.4325934636618	0.0	1.2
14888.352094862143	1200	21.900089130682936	0.0	536446	3900.5948968612925	0.0	1.2
14892.717356160945	1200	21.53482783188199	0.0	667775	4365.261298800946	0.0	1.2
14897.48395477644	1200	20.768229216386622	0.0	691562	4766.598615495369	0.0	1.2
14904.902557929225	1200	17.349626063601207	0.0	682374	7418.603152785414	0.0	1.2
14909.835122080352	1200	16.41706191247426	0.0	504922	4932.564151126949	0.0	1.2
14914.746111078242	1200	15.506072914584795	0.0	639905	4910.988997889465	0.0	1.2
14922.542603308026	1200	11.709580684801391	0.0	777065	7796.492229783404	0.0	1.2
14928.155760441932	750	10.096423550894539	0.0	486670	5613.157133906853	0.45	0.3
14932.171712756608	750	10.080471236219912	0.0	479573	4015.9523146746265	0.0	0.75
14934.196655527765	750	12.055528465063187	0.0	303693	2024.9427711567246	0.0	0.75
14938.03732633933	1200	12.21485765349751	0.0	656943	3840.670811565677	0.45	0.75

