8376.048537098668	300	4.0	1.7851941832398543	134752	1785.1941832398543	0.0	-17.551941832398544
8377.379266126798	300	6.669270971871387	0.0	100931	1330.7290281286137	0.0	0.3
8378.915638042818	300	9.132899055851032	0.0	161324	1536.3719160203543	0.0	0.3
8380.583259418223	300	11.465277680445949	0.0	185986	1667.6213754050843	0.0	0.3
8382.337249359774	750	13.711287738893287	0.0	253491	1753.989941552662	0.45	0.3
8383.643973157821	300	16.404563940847563	0.0	150777	1306.723798045723	0.45	-0.15000000000000002
8385.03748359067	300	19.01105350799987	0.0	148597	1393.5104328476914	0.0	0.3
8387.509609443823	750	20.53892765484643	0.0	254508	2472.1258531534413	0.45	0.3
8394.865158879113	1200	17.18337821955593	0.0	658136	7355.549435290501	0.45	0.75
8405.127499631728	1200	10.921037466941419	0.0	752035	10262.34075261451	0.0	1.2
8407.416950246414	750	12.63158685225517	0.0	212467	2289.4506146862495	0.45	0.3
8408.518701090403	300	15.529836008267234	0.0	106819	1101.750843987937	0.45	-0.15000000000000002
8409.913833259647	300	18.134703839024763	0.0	167782	1395.1321692424708	0.0	0.3
8411.422489960305	300	20.626047138365724	0.0	176784	1508.656700659036	0.0	0.3
8412.756206201615	300	23.292330897056026	0.0	127732	1333.7162413097005	0.0	0.3
8414.393139391017	300	25.65539770765552	0.0	164342	1636.9331894005052	0.0	0.3
8417.355041622599	750	26.693495476071785	0.0	313909	2961.9022315837356	0.45	0.3
8423.108315434196	750	24.940221664475704	0.0	412433	5753.273811596081	0.0	0.75
8433.317608326746	1200	18.730928771924148	0.0	685116	10209.292892551555	0.45	0.75
8437.951142368123	1200	18.097394730547737	0.0	583475	4633.534041376409	0.0	1.2
8444.036895597026	1200	16.011641501644906	0.0	770303	6085.753228902832	0.0	1.2
8446.551370768817	750	17.497166329853915	0.0	258018	2514.4751717909953	0.45	0.3
8448.231262563359	750	19.817274535311153	0.0	221946	1679.8917945427593	0.0	0.75
8449.34899027773	300	22.69954682094074	0.0	106134	1117.7277143704111	0.45	-0.15000000000000002
8450.578564922369	300	25.46997217630287	0.0	119601	1229.57464463787	0.0	0.3
8452.041083411703	300	28.00745368696728	0.0	141082	1462.5184893355918	0.0	0.3
8453.661128480877	300	30.387408617791685	0.0	143746	1620.0450691755993	0.0	0.3
8457.5056572488	750	30.542879849870502	0.0	370437	3844.5287679211797	0.45	0.3
8465.305294342517	1200	26.743242756151318	0.0	675109	7799.637093719184	0.45	0.75
8476.133364922016	1200	19.91517217665138	0.0	739591	10828.070579499936	0.0	1.2
8485.492889059711	1200	14.55564803895657	0.0	581068	9359.52413769481	0.0	1.2
8491.924786658023	1200	12.123750440646182	0.0	709814	6431.897598310388	0.0	1.2
8498.732168898556	1200	9.31636820011264	0.0	792258	6807.38224053354	0.0	1.2
8501.181287768168	750	10.867249330500504	0.0	321262	2449.1188696121353	0.45	0.3
8504.920427812673	1200	11.128109285996477	0.0	513933	3739.1400445040263	0.45	0.75
8508.137920144925	750	11.910616953744755	0.0	434468	3217.492332251723	0.45	0.3
8509.98953928713	750	14.058997811540996	0.0	266795	1851.6191422037598	0.0	0.75
8511.151584375542	300	16.89695272312912	0.0	176603	1162.0450884118752	0.45	-0.15000000000000002
8512.387018833939	300	19.66151826473094	0.0	180513	1235.434458398182	0.0	0.3
8515.287594773208	750	20.76094232546168	0.0	391562	2900.575939269261	0.45	0.3
8516.554182355787	300	23.494354742883093	0.0	161042	1266.5875825785893	0.45	-0.15000000000000002
8518.100180516318	750	25.948356582353686	0.0	204922	1545.998160529407	0.45	0.3
8522.146506821433	1200	25.902030277238133	0.0	639905	4046.326305115551	0.45	0.75
8525.761426149758	750	26.287110948913668	0.0	477065	3614.919328324465	0.45	0.3
8531.183982333581	1200	24.864554765088624	0.0	786670	5422.556183825045	0.45	0.75
8539.649518791632	1850	20.3990183070399	0.0	1079573	8465.536458048724	0.65	1.2000000000000002
8547.90708056687	1850	16.14145653179995	0.0	903693	8257.561775239948	0.0	1.85
8557.256856021619	1850	10.791681077050836	0.0	956943	9349.775454749115	0.0	1.85

