4160.935075708936	300	4.0	1.0315708055956516	134752	1031.5708055956516	0.0	-10.015708055956516
4161.72781461433	300	7.207261094606576	0.0	100931	792.7389053934244	0.0	0.3
4163.1631421217135	300	9.771933587222614	0.0	161324	1435.3275073839625	0.0	0.3
4166.070504357179	750	10.864571351757483	0.0	450960	2907.3622354651307	0.45	0.3
4167.254489901058	300	13.68058580787785	0.0	153491	1183.985543879633	0.45	-0.15000000000000002
4168.630545428871	300	16.30453028006493	0.0	150777	1376.0555278129223	0.0	0.3
4171.02778570395	300	17.907290004985896	0.0	148597	2397.2402750790343	0.0	0.3
4174.946915280339	300	17.988160428596643	0.0	161722	3919.1295763892526	0.0	0.3
4180.031037549549	300	16.904038159386577	0.0	197133	5084.122269210067	0.0	0.3
4184.037799297809	300	16.897276411126445	0.0	154508	4006.76174826013	0.0	0.3
4187.039129894819	300	17.895945814116946	0.0	127064	3001.330597009498	0.0	0.3
4188.762595547953	300	20.172480160982545	0.0	106819	1723.4656531344	0.0	0.3
4192.007922321731	300	20.92715338720487	0.0	167782	3245.3267737776746	0.0	0.3
4195.661154574795	300	21.27392113414104	0.0	176784	3653.232253063832	0.0	0.3
4197.794532155213	300	23.140543553723056	0.0	127732	2133.3775804179845	0.0	0.3
4204.103953126759	750	20.83112258217707	0.0	350673	6309.420971545985	0.45	0.3
4210.260208297694	750	18.67486741124235	0.0	313909	6156.25517093472	0.0	0.75
4216.531858475282	750	16.40321723365431	0.0	412433	6271.650177588043	0.0	0.75
4221.927226935876	750	15.007848773060056	0.0	385116	5395.368460594253	0.0	0.75
4223.515453492123	300	17.4196222168139	0.0	112764	1588.226556246155	0.45	-0.15000000000000002
4225.989516865673	300	18.94555884326313	0.0	139768	2474.063373550769	0.0	0.3
4227.614346091319	300	21.320729617617314	0.0	109931	1624.8292256458142	0.0	0.3
4230.337460041666	750	22.597615667269437	0.0	221946	2723.1139503478785	0.45	0.3
4236.734332795351	1200	20.200742913583685	0.0	659492	6396.87275368575	0.45	0.75
4244.346789246978	1200	16.58828646195734	0.0	711585	7612.456451626347	0.0	1.2
4252.46221077807	1200	12.472864930866159	0.0	692588	8115.421531091178	0.0	1.2
4257.66331486093	1200	11.271760848006167	0.0	561042	5201.104082859993	0.0	1.2
4264.079686861424	1200	8.855388847511263	0.0	670437	6416.372000494905	0.0	1.2
4267.737869218974	750	9.197206489961232	0.0	375109	3658.18235755003	0.45	0.3
4269.730790218914	300	11.204285490021721	0.0	183475	1992.9209999395114	0.45	-0.15000000000000002
4271.1319921888335	300	13.803083520101724	0.0	124205	1401.2019699199966	0.0	0.3
4272.721012671228	300	16.214063037707355	0.0	147805	1589.0204823943677	0.0	0.3
4274.559777363953	300	18.375298344981598	0.0	163354	1838.7646927257576	0.0	0.3
4277.761603683236	750	19.173472025699187	0.0	321262	3201.8263192824124	0.45	0.3
4283.780319665451	1200	17.154756043484014	0.0	513933	6018.715982215173	0.45	0.75
4296.718238273133	1200	8.216837435803102	0.0	734468	12937.918607680911	0.0	1.2
4301.131054457873	750	7.804021251062661	0.0	266795	4412.816184740441	0.45	0.3
4303.380308509207	300	9.554767199729039	0.0	176603	2249.254051333622	0.45	-0.15000000000000002
4304.993244195032	300	11.941831513903336	0.0	180513	1612.9356858257024	0.0	0.3
4306.306588212736	300	14.628487496199146	0.0	161516	1313.3440177041898	0.0	0.3
4309.523815274132	750	15.411260434802555	0.0	382374	3217.22706139659	0.45	0.3
4313.8911776166215	1200	15.043898092313393	0.0	504922	4367.362342489162	0.45	0.75
4320.496701579773	1200	12.438374129161438	0.0	639905	6605.523963151954	0.0	1.2
4327.61020021936	1200	9.324875489574259	0.0	777065	7113.49863958718	0.0	1.2
4336.330574837982	1200	4.604500870952774	0.0	786670	8720.374618621485	0.0	1.2
4340.174028572199	750	4.761047136735573	0.0	479573	3843.4537342172007	0.45	0.3
4341.630704518805	300	7.304371190129493	0.0	181068	1456.6759466060803	0.45	-0.15000000000000002
4343.339056536739	300	9.596019172196344	0.0	178742	1708.3520179331488	0.0	0.3

