18320.14834850819	750	4.0	4.211236602644319	496896	4211.236602644319	0.0	-41.36236602644319
18320.98110602683	300	7.167242481360989	0.0	100931	832.7575186390102	0.45	-0.15000000000000002
18324.56055107662	750	7.58779743156717	0.0	417058	3579.4450497938196	0.45	0.3
18327.972463182083	750	8.175885326102417	0.0	450960	3411.912105464752	0.0	0.75
18330.332087996176	750	9.81626051200748	0.0	253491	2359.6248140949383	0.0	0.75
18335.438556126064	1200	8.709792382120407	0.0	679669	5106.468129887075	0.45	0.75
18337.883614873557	750	10.264733634628817	0.0	297133	2445.058747491589	0.45	0.3
18342.68621036538	1200	9.462138142805546	0.0	554508	4802.595491823271	0.45	0.75
18348.795695134413	1200	7.352653373773381	0.0	658136	6109.484769032165	0.0	1.2
18353.29311925819	750	6.855229249997583	0.0	452035	4497.424123775799	0.45	0.3
18354.745544177393	300	9.402804330790659	0.0	127064	1452.4249192069226	0.45	-0.15000000000000002
18362.921274920518	1200	5.227073587665692	0.0	512764	8175.730743124967	0.9	0.29999999999999993
18366.4816494253	300	5.666699082885982	0.0	167782	3560.3745047797097	0.9	-0.6000000000000001
18371.030886278873	300	5.117462229309778	0.0	176784	4549.236853576203	0.0	0.3
18373.998777942754	300	6.149570565429367	0.0	127732	2967.8916638804117	0.0	0.3
18378.36768544741	300	5.780663060775352	0.0	164342	4368.907504654015	0.0	0.3
18381.99217319811	300	6.1561753100772965	0.0	154205	3624.487750698056	0.0	0.3
18385.760907119286	300	6.387441388901096	0.0	158473	3768.733921176201	0.0	0.3
18388.45760302394	300	7.690745484247763	0.0	112467	2696.6959046533316	0.0	0.3
18394.53774287831	750	5.610605629877923	0.0	283475	6080.139854369841	0.45	0.3
18398.85231585893	300	5.296032649259225	0.0	139768	4314.572980618697	0.45	-0.15000000000000002
18402.097080664775	300	6.051267843414078	0.0	109931	3244.764805845148	0.0	0.3
18405.293875274107	300	6.854473234081879	0.0	135932	3196.7946093321993	0.0	0.3
18406.649587846303	300	9.49876066188765	0.0	106134	1355.7125721942311	0.0	0.3
18414.514286657948	1200	5.634061850239326	0.0	711585	7864.698811648323	0.9	0.29999999999999993
18417.32963723251	300	6.818711275680412	0.0	141082	2815.3505745589136	0.9	-0.6000000000000001
18421.173230756445	300	6.975117751742544	0.0	143746	3843.5935239378687	0.0	0.3
18426.6031681926	300	5.545180315588825	0.0	181361	5429.937436153719	0.0	0.3
18430.366889527675	300	5.781458980514841	0.0	154044	3763.7213350739835	0.0	0.3
18435.421803888486	300	4.726544619703345	0.0	183475	5054.9143608114955	0.0	0.3
18438.390963971946	300	5.757384536240442	0.0	124205	2969.160083462902	0.0	0.3
18442.131817298305	300	6.016531209881376	0.0	147805	3740.853326359067	0.0	0.3
18447.000466532347	300	5.147881975838184	0.0	163354	4868.649234043191	0.0	0.3
18449.760031431793	300	6.38831707639103	0.0	108159	2759.564899447154	0.0	0.3
18452.512873293552	300	7.635475214633472	0.0	158018	2752.8418617575585	0.0	0.3
18460.867467913864	750	4.0	0.7191194056773639	434468	8354.594620310836	0.45	-6.891194056773639
18463.58586715937	300	5.281600754491815	0.0	128420	2718.3992455081852	0.45	-0.15000000000000002
18467.94409764873	300	4.923370265131159	0.0	176603	4358.230489360656	0.0	0.3
18472.846518527702	300	4.020949386161881	0.0	180513	4902.4208789692775	0.0	0.3
18476.311606189574	300	4.555861724287224	0.0	161516	3465.087661874657	0.0	0.3
18479.690565962308	300	5.1769019515537495	0.0	161042	3378.959772733475	0.0	0.3
18481.899271639333	300	6.9681962745285775	0.0	161603	2208.705677025172	0.0	0.3
18483.726985417	300	9.14048249685899	0.0	121636	1827.7137776695874	0.0	0.3
18496.958474246556	1200	4.0	4.091006332692703	777065	13231.488829551692	0.9	-40.610063326927026
18499.440812682442	300	5.517661564112184	0.0	178996	2482.338435887816	0.9	-0.6000000000000001
18500.818280529817	300	8.140193716739386	0.0	144037	1377.4678473727993	0.0	0.3
18503.53236144792	750	9.42611279863481	0.0	303693	2714.080918104576	0.45	0.3
18508.636460862122	1200	8.32201338443003	0.0	656943	5104.099414204781	0.45	0.75

