379.2966460548773	300	4.0	0.8116292189865839	134752	811.629218986584	0.0	-7.816292189865838
379.92464585229425	300	7.372000202583005	0.0	100931	627.999797416995	0.0	0.3
380.6919474114595	300	10.604698643417716	0.0	161324	767.3015591652884	0.0	0.3
381.25520626491885	300	14.041439789958423	0.0	185986	563.2588534592949	0.0	0.3
382.7889499462128	750	16.507696108664472	0.0	253491	1533.743681293948	0.45	0.3
388.4535888017505	750	14.84305725312679	0.0	379669	5664.638855537683	0.0	0.75
392.0421514528587	750	15.254494602018603	0.0	297133	3588.5626511081864	0.0	0.75
394.1476829868519	750	17.148963068025402	0.0	254508	2105.531533993202	0.0	0.75
397.0747565821618	750	18.2218894727155	0.0	358136	2927.073595309901	0.0	0.75
403.77972500531445	1200	15.51692104956284	0.0	752035	6704.968423152659	0.45	0.75
408.04381732579344	1200	15.252828729083866	0.0	512467	4264.092320478972	0.0	1.2
412.4145329843288	1200	14.882113070548487	0.0	512764	4370.715658535381	0.0	1.2
420.24002221801265	1200	11.05662383686461	0.0	798076	7825.489233683877	0.0	1.2
425.8172767692454	750	9.47936928563189	0.0	432887	5577.25455123272	0.45	0.3
427.1438661217528	300	12.152779933124474	0.0	127732	1326.589352507416	0.45	-0.15000000000000002
428.66561652241023	300	14.631029532467048	0.0	164342	1521.750400657427	0.0	0.3
430.0411634717955	300	17.2554825830818	0.0	154205	1375.5469493852481	0.0	0.3
431.46489473460474	300	19.831751320272534	0.0	158473	1423.7312628092664	0.0	0.3
434.4068332334693	750	20.889812821407975	0.0	385116	2941.9384988645597	0.45	0.3
436.5933948760611	750	22.70325117881611	0.0	283475	2186.5616425918674	0.0	0.75
442.63182313115624	1200	20.664822923721022	0.0	770303	6038.428255095089	0.45	0.75
447.17044892652575	1200	20.12619712835146	0.0	558018	4538.62579536956	0.0	1.2
451.3560060648068	1200	19.9406399900704	0.0	521946	4185.5571382810585	0.0	1.2
456.67026916760176	1200	18.626376887275477	0.0	659492	5314.263102794925	0.0	1.2
462.6845363558117	1200	16.61210969906557	0.0	711585	6014.267188209907	0.0	1.2
466.8749937348573	750	16.421652320019945	0.0	392588	4190.457379045629	0.45	0.3
469.55698036824566	750	17.739665686631582	0.0	261042	2681.9866333883633	0.0	0.75
472.8374375195109	750	18.459208535366344	0.0	370437	3280.4571512652396	0.0	0.75
475.11249518359	750	20.18415087128725	0.0	375109	2275.057664079088	0.0	0.75
480.49753308635474	1200	18.79911296852251	0.0	739591	5385.037902764743	0.45	0.75
484.6930236438158	1200	18.603622411061384	0.0	581068	4195.490557461126	0.0	1.2
490.34901738886913	1200	16.947628666008058	0.0	709814	5655.993745053326	0.0	1.2
496.78024914306013	1200	14.516396911817083	0.0	792258	6431.231754190975	0.0	1.2
499.5197120860451	750	15.77693396883208	0.0	321262	2739.4629429850006	0.45	0.3
500.81589272260663	300	18.480753332270567	0.0	158018	1296.1806365615137	0.45	-0.15000000000000002
501.9710103966801	300	21.32563565819712	0.0	121946	1155.1176740734472	0.0	0.3
504.73345700186627	750	22.563189053010948	0.0	266795	2762.4466051861705	0.45	0.3
507.79984393080895	750	23.496802124068257	0.0	236446	3066.386928942692	0.0	0.75
515.9408630051558	1200	19.35578304972133	0.0	667775	8141.019074346925	0.45	0.75
522.8522872246738	1200	16.444358830203406	0.0	691562	6911.42421951793	0.0	1.2
530.3704314086813	1200	12.926214646195836	0.0	682374	7518.144184007568	0.0	1.2
537.4490279076032	1200	9.847618147273947	0.0	504922	7078.59649892189	0.0	1.2
542.8035963017522	750	8.493049753124854	0.0	339905	5354.5683941490925	0.45	0.3
558.5674848758581	750	4.0	7.270838820980948	477065	15763.888574105802	0.0	-71.95838820980947
565.0651860744123	300	4.0	2.497701198554302	178996	6497.701198554302	0.45	-25.12701198554302
569.5191108751136	300	4.0	0.4539248007012775	144037	4453.9248007012775	0.0	-4.239248007012775
574.5983622955067	300	4.0	1.079251420393126	181068	5079.251420393126	0.0	-10.49251420393126
580.3550502863355	300	4.0	1.7566879908287556	178742	5756.687990828756	0.0	-17.266879908287557

