4574.203635298699	750	4.0	6.598697104567449	496896	6598.697104567449	0.0	-65.2369710456745
4575.895708677808	300	6.30792662089134	0.0	100931	1692.0733791086595	0.45	-0.15000000000000002
4577.481630428952	300	8.722004869747627	0.0	161324	1585.921751143714	0.0	0.3
4582.903306084655	750	7.300329214043298	0.0	450960	5421.675655704328	0.45	0.3
4586.366793109645	750	7.836842189053401	0.0	253491	3463.4870249898972	0.0	0.75
4592.493458797191	750	5.710176501507198	0.0	379669	6126.665687546203	0.0	0.75
4593.8359889070825	300	8.367646391615427	0.0	148597	1342.530109891772	0.45	-0.15000000000000002
4595.4836870281715	750	10.719948270526704	0.0	254508	1647.6981210887236	0.45	0.3
4600.298301185755	1200	9.905334112942764	0.0	658136	4814.61415758394	0.45	0.75
4605.655239231063	1200	8.548396067634688	0.0	752035	5356.938045308077	0.0	1.2
4607.163319657673	750	11.040315641024504	0.0	212467	1508.0804266101823	0.45	0.3
4613.173787764634	1850	9.029847534063563	0.0	812764	6010.4681069609405	1.1	0.75
4619.089893863678	1200	7.113741435019447	0.0	798076	5916.106099044116	0.65	0.5499999999999999
4622.4375942251045	750	7.766041073592944	0.0	432887	3347.700361426504	0.45	0.3
4626.17255591511	750	8.031079383588438	0.0	468278	3734.9616900045053	0.0	0.75
4629.69053613469	750	8.513099164008088	0.0	350673	3517.980219580349	0.0	0.75
4632.878599626724	750	9.325035671973124	0.0	313909	3188.0634920349644	0.0	0.75
4641.194152848951	1200	5.009482449747187	0.0	712433	8315.553222225937	0.45	0.75
4642.202950006166	300	8.000685292531704	0.0	112467	1008.7971572154822	0.9	-0.6000000000000001
4644.2388334944435	750	9.9648018042543	0.0	283475	2035.8834882774047	0.45	0.3
4649.547492995733	1200	8.656142302964993	0.0	770303	5308.659501289309	0.45	0.75
4652.072568590937	750	10.131066707760722	0.0	258018	2525.07559520427	0.45	0.3
4657.041886520739	1200	9.161748777958117	0.0	521946	4969.317929802603	0.45	0.75
4664.00331231826	1200	6.200322980438353	0.0	659492	6961.425797519764	0.0	1.2
4665.217749477777	300	8.985885820921721	0.0	119601	1214.4371595166301	0.9	-0.6000000000000001
4668.50172415969	750	9.701911139009203	0.0	392588	3283.9746819125166	0.45	0.3
4674.058885307946	1200	8.144749990752793	0.0	561042	5557.161148256411	0.45	0.75
4677.433607241213	750	8.77002805748576	0.0	370437	3374.7219332670315	0.45	0.3
4680.954725205966	750	9.248910092733981	0.0	375109	3521.1179647517797	0.0	0.75
4690.618178383762	1200	4.0	0.4145430850625089	739591	9663.45317779649	0.45	-3.3954308506250896
4692.677428203314	300	5.9407501804482505	0.0	124205	2059.2498195517487	0.9	-0.6000000000000001
4695.751443818417	300	6.866734565344135	0.0	147805	3074.0156151041156	0.0	0.3
4698.455091213537	300	8.163087170223802	0.0	163354	2703.6473951203325	0.0	0.3
4701.874169218864	750	8.74400916489662	0.0	321262	3419.078005327184	0.45	0.3
4704.0766533567785	750	10.541525026982825	0.0	213933	2202.4841379137933	0.0	0.75
4712.045033856888	1200	6.573144526873096	0.0	734468	7968.380500109728	0.45	0.75
4713.5880013826445	300	9.030177001116957	0.0	128420	1542.967525756139	0.9	-0.6000000000000001
4719.04140880257	1200	7.576769581191147	0.0	536446	5453.40741992581	0.9	0.29999999999999993
4723.902438489586	750	6.715739894175709	0.0	367775	4861.029687015439	0.45	0.3
4725.9626801995355	300	8.655498184225356	0.0	161516	2060.2417099503514	0.45	-0.15000000000000002
4730.499296103578	750	8.118882280183184	0.0	382374	4536.615904042172	0.45	0.3
4732.144268866949	750	10.473909516812128	0.0	204922	1644.9727633710568	0.0	0.75
4737.205123902415	1200	9.41305448134644	0.0	639905	5060.855035465686	0.45	0.75
4745.747569527207	1200	4.870608856554771	0.0	777065	8542.44562479167	0.0	1.2
4747.325818902666	300	7.292359481095724	0.0	178996	1578.2493754590462	0.9	-0.6000000000000001
4751.038167660907	750	7.580010722854926	0.0	479573	3712.3487582407984	0.45	0.3
4753.024041031205	750	9.594137352556785	0.0	303693	1985.8733702981403	0.0	0.75
4757.198666032046	1200	9.419512351716174	0.0	656943	4174.625000840611	0.45	0.75

