7319.177912456213	300	4.0	1.1868236902569977	134752	1186.8236902569977	0.0	-11.568236902569977
7320.07638616233	300	7.101526293882353	0.0	100931	898.473706117648	0.0	0.3
7321.116141123551	300	10.061771332661367	0.0	161324	1039.7549612209857	0.0	0.3
7322.515330192283	300	12.662582263929353	0.0	185986	1399.189068732013	0.0	0.3
7323.717739124837	300	15.460173331374843	0.0	153491	1202.4089325545099	0.0	0.3
7324.988658871464	300	18.18925358474777	0.0	150777	1270.9197466270703	0.0	0.3
7326.2311256051635	300	20.9467868510493	0.0	148597	1242.4667336984728	0.0	0.3
7327.433922366742	300	23.74399008947038	0.0	161722	1202.7967615789219	0.0	0.3
7330.08390054588	750	25.094011910332224	0.0	358136	2649.9781791381524	0.45	0.3
7334.798746346156	1200	24.379166110056516	0.0	752035	4714.845800275706	0.45	0.75
7337.549558858345	1200	25.628353597867594	0.0	512467	2750.812512188925	0.0	1.2
7340.454353084931	1200	26.723559371281745	0.0	512764	2904.7942265858487	0.0	1.2
7343.951696121816	1200	27.226216334397666	0.0	798076	3497.3430368840814	0.0	1.2
7347.215062967449	1200	27.962849488765183	0.0	732887	3263.36684563248	0.0	1.2
7351.783288175658	1850	27.394624280556723	0.0	1068278	4568.225208208461	0.65	1.2000000000000002
7357.267307871944	1850	25.910604584270814	0.0	950673	5484.019696285908	0.0	1.85
7361.946053086181	1200	25.23185937003422	0.0	613909	4678.745214236598	0.65	0.5499999999999999
7370.362583500753	1200	20.81532895546167	0.0	712433	8416.530414572544	0.0	1.2
7374.068239422889	750	21.109673033326725	0.0	385116	3705.6559221349444	0.45	0.3
7375.47006285219	300	23.7078496040249	0.0	112764	1401.823429301824	0.45	-0.15000000000000002
7377.085275977799	300	26.092636478416463	0.0	139768	1615.2131256084394	0.0	0.3
7378.216946511441	300	28.960965944773932	0.0	109931	1131.670533642528	0.0	0.3
7380.036754367307	300	31.141158088907037	0.0	135932	1819.8078558668965	0.0	0.3
7384.943497916054	750	30.234414540160532	0.0	359492	4906.7435487465045	0.45	0.3
7391.426810771165	750	27.751101685048944	0.0	411585	6483.312855111589	0.0	0.75
7397.336440200511	750	25.84147225570413	0.0	392588	5909.629429344816	0.0	0.75
7398.940950913333	750	28.236961542881037	0.0	261042	1604.5107128230934	0.0	0.75
7401.179394347502	750	29.99851810871284	0.0	370437	2238.443434168195	0.0	0.75
7405.434074943201	1200	29.743837513012874	0.0	675109	4254.680595699968	0.45	0.75
7412.094710295667	1850	27.083202160547394	0.0	1039591	6660.635352465481	0.65	1.2000000000000002
7416.528001463962	1850	26.649910992252458	0.0	881068	4433.291168294934	0.0	1.85
7421.003476403186	1850	26.174436053028227	0.0	1009814	4475.474939224231	0.0	1.85
7426.284804821445	1850	24.893107634769947	0.0	1092258	5281.328418258278	0.0	1.85
7430.8678580627775	1850	24.310054393437227	0.0	921262	4583.053241332723	0.0	1.85
7437.474009150654	1850	21.70390330556106	0.0	813933	6606.151087876165	0.0	1.85
7457.644034548594	2850	5.533877907620747	0.0	1464157	20170.025397940313	1.0	1.85
7469.185487659866	1850	4.0	6.007575203650634	866795	11541.453111271381	1.0	-59.22575203650634
7473.832072993576	1200	4.0	0.6465853337100634	536446	4646.585333710063	0.65	-5.915853337100635
7476.725592037816	750	5.1064809557601585	0.0	367775	2893.519044239841	0.45	0.3
7477.9171117011065	300	7.914961292469077	0.0	161516	1191.519663291081	0.45	-0.15000000000000002
7480.567043907147	750	9.265029086429205	0.0	382374	2649.932206039872	0.45	0.3
7482.168070932764	750	11.664002060812654	0.0	204922	1601.0270256165504	0.0	0.75
7484.8981957073065	750	12.933877286269958	0.0	339905	2730.1247745426977	0.0	0.75
7488.405380674136	750	13.426692319440672	0.0	477065	3507.1849668292857	0.0	0.75
7493.212160740018	750	12.619912253558326	0.0	486670	4806.780065882345	0.0	0.75
7494.377702604168	300	15.454370389408519	0.0	144037	1165.5418641498081	0.45	-0.15000000000000002
7496.622213785022	300	17.209859208555255	0.0	181068	2244.5111808532647	0.0	0.3
7499.384757478284	300	18.447315515292814	0.0	178742	2762.54369326244	0.0	0.3

