5313.2657349948495	750	4.0	2.1069697184651615	496896	2106.9697184651613	0.0	-20.319697184651616
5313.7677983484045	300	7.497936646444867	0.0	100931	502.0633535551332	0.45	-0.15000000000000002
5315.69749879787	750	9.568236196979239	0.0	417058	1929.7004494656285	0.45	0.3
5323.339344114217	1200	5.926390880632825	0.0	750960	7641.845316346414	0.45	0.75
5326.399665631371	300	6.866069363478114	0.0	153491	3060.321517154711	0.9	-0.6000000000000001
5327.978184332286	300	9.287550662563826	0.0	150777	1578.5187009142883	0.0	0.3
5332.5926714884945	1200	8.673063506355417	0.0	597133	4614.48715620841	0.9	0.29999999999999993
5335.387775121285	750	9.877959873565834	0.0	254508	2795.1036327895845	0.45	0.3
5339.738677427936	1200	9.527057566915285	0.0	658136	4350.902306650547	0.45	0.75
5343.733509132305	1200	9.532225862545323	0.0	752035	3994.8317043699626	0.0	1.2
5346.258073690544	1200	11.007661304306191	0.0	512467	2524.5645582391326	0.0	1.2
5350.420585233395	1850	10.845149761454879	0.0	812764	4162.511542851313	0.65	1.2000000000000002
5357.055837636061	1200	8.209897358789219	0.0	798076	6635.252402665662	0.65	0.5499999999999999
5361.299831009037	750	7.965903985813826	0.0	432887	4243.993372975392	0.45	0.3
5368.8912632109905	750	4.3744717838599785	0.0	468278	7591.432201953848	0.0	0.75
5373.219591783827	300	4.046143211023346	0.0	164342	4328.328572836632	0.45	-0.15000000000000002
5376.824752174774	300	4.440982820076614	0.0	154205	3605.160390946733	0.0	0.3
5379.418921448045	300	5.846813546805976	0.0	158473	2594.1692732706374	0.0	0.3
5380.917383794384	300	8.348351200467238	0.0	112467	1498.4623463387366	0.0	0.3
5383.731513756243	750	9.534221238607905	0.0	283475	2814.1299618593334	0.45	0.3
5389.348506830518	1200	7.917228164332453	0.0	770303	5616.993074275453	0.45	0.75
5391.7098954627245	750	9.555839532126623	0.0	258018	2361.3886322058306	0.45	0.3
5399.486409899011	1200	5.779325095840034	0.0	521946	7776.514436286588	0.45	0.75
5400.685929774521	300	8.57980522033076	0.0	106134	1199.5198755092754	0.9	-0.6000000000000001
5405.189881609877	750	8.075853384973854	0.0	411585	4503.9518353569065	0.45	0.3
5408.069590899222	750	9.196144095630054	0.0	392588	2879.7092893438	0.0	0.75
5410.846008119155	1200	10.419726875696753	0.0	561042	2776.4172199332997	0.45	0.75
5413.84295655237	1200	11.422778442481489	0.0	670437	2996.9484332152647	0.0	1.2
5418.58636380459	1850	10.679371190261758	0.0	975109	4743.407252219732	0.65	1.2000000000000002
5421.6548031565835	1200	11.610931838268197	0.0	739591	3068.43935199356	0.65	0.5499999999999999
5425.19165546629	1850	12.074079528562002	0.0	881068	3536.852309706195	0.65	1.2000000000000002
5429.508275212845	1850	11.757459782007116	0.0	1009814	4316.619746554887	0.0	1.85
5434.22742160099	1850	11.038313393862136	0.0	1092258	4719.14638814498	0.0	1.85
5438.256992516212	1850	11.008742478640258	0.0	921262	4029.5709152218787	0.0	1.85
5448.196586574384	1850	5.069148420468818	0.0	813933	9939.594058171439	0.0	1.85
5450.500121346385	300	6.765613648468879	0.0	121946	2303.53477199994	1.55	-1.25
5452.445953816187	300	8.819781178665794	0.0	128420	1945.8324698030829	0.0	0.3
5455.196680795551	750	10.069054199302256	0.0	236446	2750.726979363538	0.45	0.3
5460.4897022501555	1200	8.77603274469784	0.0	667775	5293.021454604415	0.45	0.75
5462.578375564702	750	10.687359430151599	0.0	391562	2088.6733145462413	0.45	0.3
5466.3228310464965	1200	10.942903948357067	0.0	682374	3744.455481794531	0.45	0.75
5468.998509957031	1200	12.26722503782214	0.0	504922	2675.678910534927	0.0	1.2
5473.61537015275	1850	11.650364842103256	0.0	939905	4616.860195718883	0.65	1.2000000000000002
5479.125689733036	1850	10.140045261817745	0.0	1077065	5510.3195802855125	0.0	1.85
5483.391548902953	1200	9.874186091900508	0.0	786670	4265.859169917236	0.65	0.5499999999999999
5487.80537793586	1200	9.460357058994013	0.0	779573	4413.829032906496	0.0	1.2
5491.62796636998	1200	9.637768624873813	0.0	603693	3822.588434120202	0.0	1.2
5495.192653850202	1200	10.073081144651464	0.0	656943	3564.687480222349	0.0	1.2

