14508.132172238578	750	4.0	7.226236544904192	496896	7226.236544904192	0.0	-71.51236544904192
14509.36203376298	300	6.770138475598973	0.0	100931	1229.8615244010266	0.45	-0.15000000000000002
14510.928910414908	300	9.203261823671214	0.0	161324	1566.8766519277583	0.0	0.3
14517.67505651869	1200	6.457115719888066	0.0	750960	6746.146103783149	0.9	0.29999999999999993
14519.099505185739	300	9.032667052839614	0.0	153491	1424.448667048454	0.9	-0.6000000000000001
14533.493159743812	1200	4.0	5.360987505233683	679669	14393.654558073296	0.9	-53.30987505233683
14537.9784012318	300	4.0	0.48524148798736677	148597	4485.241487987367	0.9	-5.452414879873668
14543.569735394614	300	4.0	1.5913341628136968	161722	5591.334162813697	0.0	-15.613341628136967
14549.411096734177	300	4.0	1.84136133956294	197133	5841.36133956294	0.0	-18.1136133956294
14553.720505316429	300	4.0	0.3094085822508514	154508	4309.408582250851	0.0	-2.794085822508514
14556.942997678596	300	4.7775076378324615	0.0	127064	3222.4923621675384	0.0	0.3
14559.26565283942	300	6.454852477008734	0.0	106819	2322.6551608237273	0.0	0.3
14562.13299478226	300	7.587510534168858	0.0	167782	2867.341942839876	0.0	0.3
14570.172725343635	750	4.0	0.4522200272065375	432887	8039.730561375395	0.45	-4.222200272065375
14573.788869111157	300	4.383856232480122	0.0	127732	3616.143767519878	0.45	-0.15000000000000002
14575.976434949584	300	6.1962903940522995	0.0	164342	2187.5658384278236	0.0	0.3
14577.145034052734	300	9.027691290902645	0.0	154205	1168.5991031496544	0.0	0.3
14581.703263496333	1200	8.469461847304608	0.0	712433	4558.229443598037	0.9	0.29999999999999993
14583.971589606088	750	10.201135737549208	0.0	385116	2268.326109755401	0.45	0.3
14587.85797286866	1200	10.314752474975576	0.0	583475	3886.3832625736322	0.45	0.75
14593.316698901279	1200	8.85602644235687	0.0	770303	5458.726032618705	0.0	1.2
14594.92755136983	750	11.245173973804507	0.0	258018	1610.8524685523619	0.45	0.3
14599.4814257623	1850	10.691299581336658	0.0	821946	4553.874392467849	1.1	0.75
14603.448597088076	1200	10.724128255559034	0.0	659492	3967.171325777625	0.65	0.5499999999999999
14607.19524286723	1200	10.977482476405246	0.0	711585	3746.645779153787	0.0	1.2
14610.688925354592	1200	11.483799989042504	0.0	692588	3493.6824873627424	0.0	1.2
14615.439568869378	1850	10.73315647425566	0.0	861042	4750.643514786843	0.65	1.2000000000000002
14620.292226732654	1200	9.88049861097984	0.0	670437	4852.657863275819	0.65	0.5499999999999999
14626.668188890682	1200	7.504536452952416	0.0	675109	6375.962158027425	0.0	1.2
14629.260434059377	750	8.91229128425644	0.0	439591	2592.245168695976	0.45	0.3
14630.850887995952	750	11.321837347684115	0.0	281068	1590.4539365723251	0.0	0.75
14636.48757685401	1850	9.68514848962589	0.0	1009814	5636.688858058225	1.1	0.75
14641.857993787413	1200	8.314731556222243	0.0	792258	5370.416933403647	0.65	0.5499999999999999
14644.2363194209	750	9.93640592273763	0.0	321262	2378.325633484614	0.45	0.3
14647.38957461644	1200	10.783150727195899	0.0	513933	3153.255195541729	0.45	0.75
14651.05932782329	1200	11.113397520345616	0.0	734468	3669.7532068502837	0.0	1.2
14656.864866507627	1850	9.307858836009874	0.0	866795	5805.538684335741	0.65	1.2000000000000002
14660.49997708396	1200	9.672748259676679	0.0	536446	3635.1105763331957	0.65	0.5499999999999999
14664.201995987723	1200	9.970729355914466	0.0	667775	3702.0189037622126	0.0	1.2
14668.48715398861	1200	9.685571355028413	0.0	691562	4285.158000886053	0.0	1.2
14673.957030127001	1200	8.215695216635147	0.0	682374	5469.876138393266	0.0	1.2
14675.983347835072	750	10.189377508565242	0.0	204922	2026.317708069907	0.45	0.3
14680.616189305041	1200	9.556536038595572	0.0	639905	4632.8414699696705	0.45	0.75
14685.50789199343	1200	8.664833350206747	0.0	777065	4891.702688388825	0.0	1.2
14689.3960691213	750	8.776656222337751	0.0	486670	3888.1771278689966	0.45	0.3
14692.85808739855	750	9.314637945086941	0.0	479573	3462.0182772508106	0.0	0.75
14698.147072028138	1200	8.025653315497852	0.0	603693	5288.984629589089	0.45	0.75
14700.582759764058	750	9.589965579577548	0.0	356943	2435.687735920303	0.45	0.3

