13866.333237014767	300	4.0	0.6240319833487284	134752	624.0319833487284	0.0	-5.940319833487284
13866.820724043615	300	7.512512971151668	0.0	100931	487.48702884833267	0.0	0.3
13868.51303031917	750	9.820206695595186	0.0	417058	1692.3062755564831	0.45	0.3
13869.309896207185	300	13.023340807580048	0.0	185986	796.8658880151357	0.45	-0.15000000000000002
13870.185762179546	750	16.14747483522014	0.0	253491	875.8659723599079	0.45	0.3
13871.253236819985	750	19.080000194782276	0.0	379669	1067.4746404378632	0.0	0.75
13872.111523542482	750	22.2217134722849	0.0	297133	858.2867224973753	0.0	0.75
13872.852964454665	750	25.48027256010107	0.0	254508	741.4409121838289	0.0	0.75
13873.8216438608	750	28.51159315396673	0.0	358136	968.6794061343415	0.0	0.75
13875.897508108224	1200	30.435728906541414	0.0	752035	2075.864247425313	0.45	0.75
13877.436305738544	1200	32.89693127622259	0.0	512467	1538.7976303188243	0.0	1.2
13880.335929803736	1850	33.99730721102973	0.0	812764	2899.6240651928592	0.65	1.2000000000000002
13885.281125870144	1850	33.052111144622785	0.0	1098076	4945.196066406939	0.0	1.85
13888.417235844454	1850	33.916001170313486	0.0	1032887	3136.109974309302	0.0	1.85
13891.18394033307	1850	35.14929668169744	0.0	1068278	2766.7044886160425	0.0	1.85
13894.96455100058	2850	35.36868601418758	0.0	1112764	3780.6106675098627	1.0	1.85
13901.579203249828	4300	32.75403376493835	0.0	2232984	6614.65224924923	1.45	2.8499999999999996
13908.360023591136	4300	29.973213423630092	0.0	2032887	6780.820341308257	0.0	4.3
13918.396730879562	4300	23.936506135205395	0.0	2474961	10036.707288424695	0.0	4.3
13934.282198410508	4300	12.051038604258393	0.0	2438197	15885.467530947004	0.0	4.3
13943.88348571964	2850	6.449751295126988	0.0	1183475	9601.287309131405	1.45	1.4000000000000001
13951.220862792574	1850	4.0	0.8876257778067483	858018	7337.377072933736	1.0	-8.026257778067484
13956.008745086368	1200	4.0	0.7878822937945351	521946	4787.882293794535	0.65	-7.328822937945351
13959.042294438887	750	4.96645064748007	0.0	359492	3033.549352519931	0.45	0.3
13960.093405952044	300	7.915339134324384	0.0	119601	1051.1115131556853	0.45	-0.15000000000000002
13961.352651968307	300	10.656093118059783	0.0	141082	1259.2460162646023	0.0	0.3
13962.655118550956	300	13.353626535411365	0.0	143746	1302.4665826484168	0.0	0.3
13964.164840675936	300	15.843904410431914	0.0	181361	1509.7221249794502	0.0	0.3
13965.273311418305	300	18.735433668063717	0.0	154044	1108.4707423681978	0.0	0.3
13967.605289420513	300	20.40345566585399	0.0	183475	2331.978002209726	0.0	0.3
13968.971481005306	300	23.03726408106072	0.0	124205	1366.1915847932712	0.0	0.3
13972.408739864883	750	23.600005221486146	0.0	409814	3437.258859574574	0.45	0.3
13978.511110818281	750	21.49763426808629	0.0	492258	6102.370953399855	0.0	0.75
13982.014535813885	750	21.994209272482415	0.0	321262	3503.4249956038775	0.0	0.75
13983.926628209245	750	24.08211687712223	0.0	213933	1912.0923953601846	0.0	0.75
13987.456698014807	750	24.55204707155951	0.0	434468	3530.0698055627176	0.0	0.75
13989.414006979341	750	26.59473810702633	0.0	266795	1957.3089645331816	0.0	0.75
13991.411659827208	750	28.597085259158245	0.0	236446	1997.652847868085	0.0	0.75
13996.68544800709	1200	27.32329707927594	0.0	667775	5273.788179882303	0.45	0.75
14004.618256401152	1850	23.39048868521242	0.0	991562	7932.808394063519	0.65	1.2000000000000002
14012.433604083031	1850	19.575141003333858	0.0	982374	7815.347681878563	0.0	1.85
14016.903944589725	1200	19.104800496640536	0.0	504922	4470.340506693324	0.65	0.5499999999999999
14023.557436571116	1200	16.451308515249018	0.0	639905	6653.491981391518	0.0	1.2
14027.529487488424	750	16.479257597939373	0.0	477065	3972.0509173096434	0.45	0.3
14032.479724516195	1200	15.529020570167427	0.0	786670	4950.237027771946	0.45	0.75
14038.152519516447	1200	13.856225569915471	0.0	779573	5672.795000251956	0.0	1.2
14043.022012582238	1200	12.986732504123811	0.0	603693	4869.493065791661	0.0	1.2
14045.659412898687	750	14.34933218767487	0.0	356943	2637.4003164489395	0.45	0.3

