13087.60938627471	300	4.0	2.1409820439319533	134752	2140.9820439319533	0.0	-21.10982043931953
13089.233088621806	300	6.376297652902399	0.0	100931	1623.7023470976012	0.0	0.3
13091.707875908456	300	7.901510366251415	0.0	161324	2474.7872866509842	0.0	0.3
13093.923068077718	300	9.68631819698895	0.0	185986	2215.1921692624646	0.0	0.3
13095.44246376847	300	12.16692250623798	0.0	153491	1519.3956907509685	0.0	0.3
13096.672664662185	300	14.93672161252301	0.0	150777	1230.2008937149717	0.0	0.3
13097.780388224146	300	17.82899805056172	0.0	148597	1107.723561961289	0.0	0.3
13098.991201602836	300	20.61818467187221	0.0	161722	1210.8133786895094	0.0	0.3
13101.241165379026	300	22.36822089568155	0.0	197133	2249.9637761906647	0.0	0.3
13103.06009489616	300	24.54929137854561	0.0	154508	1818.929517135936	0.0	0.3
13104.253065854913	300	27.35632041979334	0.0	127064	1192.9709587522705	0.0	0.3
13105.829179949273	300	29.78020632543285	0.0	106819	1576.1140943604903	0.0	0.3
13108.808751368975	300	30.80063490572999	0.0	167782	2979.571419702859	0.0	0.3
13113.48824638788	300	30.121139886825695	0.0	176784	4679.495018904294	0.0	0.3
13116.947962227072	300	30.66142404763432	0.0	127732	3459.715839191375	0.0	0.3
13120.82528055231	300	30.78410572239729	0.0	164342	3877.31832523703	0.0	0.3
13126.112701593076	300	29.496684681629286	0.0	154205	5287.421040768004	0.0	0.3
13131.625655203641	300	27.983731071066238	0.0	158473	5512.953610563046	0.0	0.3
13134.622271644557	300	28.987114630149954	0.0	112467	2996.616440916285	0.0	0.3
13137.738055262016	300	29.871331012690835	0.0	112764	3115.783617459119	0.0	0.3
13141.57328976695	300	30.036096507757378	0.0	139768	3835.2345049334585	0.0	0.3
13143.961281083892	300	31.648105190814576	0.0	109931	2387.991316942802	0.0	0.3
13146.459619734247	300	33.149766540460334	0.0	135932	2498.338650354238	0.0	0.3
13148.256744601445	300	35.352641673260806	0.0	106134	1797.1248671995272	0.0	0.3
13150.252974379417	300	37.35641189528895	0.0	119601	1996.2297779718579	0.0	0.3
13152.928938963096	300	38.680447311608646	0.0	141082	2675.9645836802993	0.0	0.3
13156.16454287665	300	39.44484339805622	0.0	143746	3235.6039135524234	0.0	0.3
13160.766455274405	300	38.842931000300595	0.0	181361	4601.912397755625	0.0	0.3
13162.013867791986	300	41.595518482718575	0.0	154044	1247.4125175820222	0.0	0.3
13163.310276167362	300	44.299110107343054	0.0	183475	1296.408375375522	0.0	0.3
13164.065370826396	300	47.54401544830713	0.0	124205	755.0946590359207	0.0	0.3
13166.80824065257	750	48.801145622133454	0.0	409814	2742.8698261736813	0.45	0.3
13169.740279251619	750	49.86910702308529	0.0	492258	2932.038599048159	0.0	0.75
13171.89080754751	750	51.71857872719324	0.0	321262	2150.528295892054	0.0	0.75
13173.398232665468	750	54.211153609235325	0.0	213933	1507.4251179579144	0.0	0.75
13178.532350962476	1200	53.077035312226705	0.0	734468	5134.118297008625	0.45	0.75
13181.96515598345	1200	53.64423029125427	0.0	566795	3432.805020972435	0.0	1.2
13184.951196227088	1200	54.65819004761495	0.0	536446	2986.0402436393106	0.0	1.2
13189.024323050975	1200	54.58506322372854	0.0	667775	4073.1268238864163	0.0	1.2
13194.123087119335	1850	53.486299155368236	0.0	991562	5098.764068360303	0.65	1.2000000000000002
13199.272851596754	1850	52.3365346779502	0.0	982374	5149.764477418036	0.0	1.85
13204.614842137938	1850	50.994544136765676	0.0	804922	5341.990541184522	0.0	1.85
13212.913799997375	1850	46.69558627732716	0.0	939905	8298.957859438517	0.0	1.85
13218.876164627185	1850	44.73322164751772	0.0	1077065	5962.364629809433	0.0	1.85
13225.039313639782	1850	42.570072634920166	0.0	1086670	6163.149012597559	0.0	1.85
13232.602012380323	1850	39.0073738943807	0.0	1079573	7562.6987405394675	0.0	1.85
13237.316094300488	1850	38.293291974214924	0.0	903693	4714.081920165774	0.0	1.85
13243.868350353168	1850	35.741035921534035	0.0	956943	6552.25605268089	0.0	1.85

