5059.8971690733115	300	4.0	0.6783704929794913	134752	678.3704929794912	0.0	-6.4837049297949125
5062.209717408016	750	5.687451665295219	0.0	332003	2312.548334704781	0.45	0.3
5064.620367847225	750	7.276801226087175	0.0	417058	2410.650439208044	0.0	0.75
5066.368266578365	750	9.528902494946607	0.0	450960	1747.8987311405665	0.0	0.75
5069.492100698901	1200	10.405068374411046	0.0	553491	3123.8341205355614	0.45	0.75
5072.552036807979	1200	11.345132265332678	0.0	679669	3059.936109078368	0.0	1.2
5075.04085329767	1200	12.856315775642065	0.0	597133	2488.816489690615	0.0	1.2
5077.679474211545	1200	14.217694861766146	0.0	554508	2638.620913875918	0.0	1.2
5082.198828432127	1850	13.698340641184602	0.0	958136	4519.354220581543	0.65	1.2000000000000002
5088.0057219990795	1850	11.891447074231488	0.0	1052035	5806.893566953116	0.0	1.85
5092.417852874628	1850	11.479316198683126	0.0	812467	4412.130875548362	0.0	1.85
5096.828454492177	1850	11.068714581134245	0.0	812764	4410.60161754888	0.0	1.85
5101.8602534224	1850	10.036915650911087	0.0	1098076	5031.798930223159	0.0	1.85
5107.006287823665	1850	8.890881249646155	0.0	1032887	5146.034401264932	0.0	1.85
5112.3690984357045	1850	7.528070637606428	0.0	1068278	5362.810612039726	0.0	1.85
5116.634611806728	1850	7.262557266583388	0.0	950673	4265.513371023039	0.0	1.85
5121.000441882031	1850	6.896727191280602	0.0	913909	4365.830075302786	0.0	1.85
5125.881990933569	1850	6.0151781397425275	0.0	1012433	4881.549051538075	0.0	1.85
5131.371186718632	1850	4.525982354679235	0.0	985116	5489.1957850632925	0.0	1.85
5134.924374456942	1200	4.972794616369561	0.0	583475	3553.1877383096735	0.65	0.5499999999999999
5138.49074106718	1200	5.406428006130916	0.0	770303	3566.3666102386455	0.0	1.2
5141.897242873502	1200	5.999926199809064	0.0	558018	3406.5018063218527	0.0	1.2
5146.247861243651	1200	5.649307829660769	0.0	521946	4350.618370148295	0.0	1.2
5148.998459039776	750	6.898710033534524	0.0	359492	2750.5977961262447	0.45	0.3
5152.287880068036	750	7.60928900527395	0.0	411585	3289.421028260575	0.0	0.75
5155.119610086818	750	8.777558986492554	0.0	392588	2831.7300187813944	0.0	0.75
5157.065481311719	750	10.831687761591882	0.0	261042	1945.8712249006724	0.0	0.75
5159.3020415263845	750	12.595127546926	0.0	370437	2236.560214665883	0.0	0.75
5161.08087860801	750	14.816290465300796	0.0	375109	1778.8370816252052	0.0	0.75
5164.267139571974	1200	15.630029501336328	0.0	739591	3186.2609639644675	0.45	0.75
5167.0535978228345	1200	16.843571250475815	0.0	581068	2786.4582508605135	0.0	1.2
5170.323810147641	1200	17.573358925669528	0.0	709814	3270.2123248062885	0.0	1.2
5175.54261688272	1850	16.354552190590773	0.0	1092258	5218.806735078754	0.65	1.2000000000000002
5179.738967666336	1850	16.158201406974296	0.0	921262	4196.350783616478	0.0	1.85
5183.443810104503	1850	16.453358968807198	0.0	813933	3704.8424381670966	0.0	1.85
5190.0296729947695	1850	13.867496078541516	0.0	1034468	6585.862890265684	0.0	1.85
5196.2716837478265	1850	11.625485325484577	0.0	866795	6242.0107530569385	0.0	1.85
5199.854114363085	1200	12.043054710226016	0.0	536446	3582.4306152585605	0.65	0.5499999999999999
5204.505789927865	1200	11.391379145444857	0.0	667775	4651.675564781161	0.0	1.2
5212.080796552591	1200	7.816372520719353	0.0	691562	7575.006624725504	0.0	1.2
5216.9016677764275	750	6.995501296882691	0.0	382374	4820.8712238366625	0.45	0.3
5218.2961394706745	750	9.601029602636284	0.0	204922	1394.4716942464051	0.0	0.75
5221.818097692465	750	10.079071380844937	0.0	339905	3521.9582217913494	0.0	0.75
5227.316630712216	750	8.580538361094513	0.0	477065	5498.533019750422	0.0	0.75
5229.478816618693	300	10.418352454617038	0.0	178996	2162.185906477477	0.45	-0.15000000000000002
5233.5986100080045	750	10.29855906530621	0.0	479573	4119.793389310827	0.45	0.3
5235.976125297861	750	11.921043775450523	0.0	303693	2377.515289855688	0.0	0.75
5240.814861725808	1200	11.082307347502265	0.0	656943	4838.736427948256	0.45	0.75

