4078.2166383770777	300	4.0	1.7530700499468987	134752	1753.0700499468987	0.0	-17.230700499468988
4079.3606115514563	300	6.856026825621562	0.0	100931	1143.9731743784375	0.0	0.3
4080.9922513282086	300	9.224387048869279	0.0	161324	1631.6397767522826	0.0	0.3
4087.268085774203	750	6.94855260287498	0.0	450960	6275.834445994299	0.45	0.3
4089.147413318526	300	9.069225058551693	0.0	153491	1879.327544323288	0.45	-0.15000000000000002
4091.1944451905674	300	11.022193186510032	0.0	150777	2047.0318720416594	0.0	0.3
4093.170702392416	300	13.045935984661478	0.0	148597	1976.257201848555	0.0	0.3
4095.4461241325725	300	14.770514244504874	0.0	161722	2275.4217401566048	0.0	0.3
4099.098704887366	300	15.117933489712092	0.0	197133	3652.580754792782	0.0	0.3
4101.4242226980505	300	16.792415679026888	0.0	154508	2325.5178106851995	0.0	0.3
4102.587414159072	300	19.629224218005152	0.0	127064	1163.1914610217398	0.0	0.3
4103.441260088597	300	22.775378288480322	0.0	106819	853.8459295248285	0.0	0.3
4106.914783337941	750	23.3018550391365	0.0	498076	3473.5232493438234	0.45	0.3
4108.22088289939	300	25.995755477687197	0.0	176784	1306.0995614493008	0.45	-0.15000000000000002
4109.242729593992	300	28.97390878308499	0.0	127732	1021.8466946022072	0.0	0.3
4110.513579290037	300	31.70305908703976	0.0	164342	1270.849696045229	0.0	0.3
4111.693214814116	300	34.52342356296127	0.0	154205	1179.6355240784953	0.0	0.3
4114.600030604889	750	35.616607772188146	0.0	412433	2906.815790773117	0.45	0.3
4115.508643347036	300	38.7079950300411	0.0	112467	908.6127421470443	0.45	-0.15000000000000002
4116.332232132494	300	41.8844062445828	0.0	112764	823.5887854582978	0.0	0.3
4117.305578062651	300	44.91106031442606	0.0	139768	973.3459301567428	0.0	0.3
4119.276190837566	750	46.94044753951062	0.0	258018	1970.6127749154414	0.45	0.3
4123.238954354813	1200	46.977684022263375	0.0	521946	3962.763517247242	0.45	0.75
4128.029055086341	1200	46.18758329073556	0.0	659492	4790.1007315278175	0.0	1.2
4133.631527783134	1200	44.58511059394266	0.0	711585	5602.472696792905	0.0	1.2
4139.868741336789	1200	42.34789704028807	0.0	692588	6237.21355365459	0.0	1.2
4147.1773495573025	1200	39.039288819774235	0.0	561042	7308.608220513833	0.0	1.2
4152.90928172253	1200	37.30735665454674	0.0	670437	5731.932165227498	0.0	1.2
4157.3022787528735	1200	36.91435962420301	0.0	675109	4392.997030343727	0.0	1.2
4164.061315600858	1200	34.15532277621917	0.0	739591	6759.036847983837	0.0	1.2
4169.977262544557	1200	32.23937583252008	0.0	581068	5915.946943699094	0.0	1.2
4174.1326184557665	750	32.08401992131024	0.0	409814	4155.355911209842	0.45	0.3
4178.346711069592	750	31.869927307484613	0.0	492258	4214.092613825624	0.0	0.75
4184.491768746714	1200	29.724869630362267	0.0	621262	6145.057677122345	0.45	0.75
4186.410757203465	750	31.805881173611187	0.0	213933	1918.9884567510824	0.45	0.3
4190.452005295648	750	31.76463308142882	0.0	434468	4041.2480921823676	0.0	0.75
4193.573710259705	750	32.642928117371895	0.0	266795	3121.7049640569253	0.0	0.75
4201.1906897034105	1200	29.025948673666335	0.0	536446	7616.979443705561	0.45	0.75
4207.836820400623	750	26.379817976454447	0.0	367775	6646.1306972118855	0.45	0.3
4211.865939618516	750	26.35069875856177	0.0	391562	4029.119217892678	0.0	0.75
4216.102656226915	750	26.11398215016262	0.0	382374	4236.716608399146	0.0	0.75
4217.944692931333	300	28.271945445744887	0.0	161603	1842.0367044177337	0.45	-0.15000000000000002
4219.168799725302	300	31.04783865177455	0.0	121636	1224.1067939703346	0.0	0.3
4220.742598828273	300	33.47403954880449	0.0	139365	1573.7991029700677	0.0	0.3
4222.8617754208135	300	35.35486295626368	0.0	178996	2119.176592540815	0.0	0.3
4224.516136667919	300	37.70050170915832	0.0	144037	1654.361247105366	0.0	0.3
4226.190419448134	300	40.026218928943756	0.0	181068	1674.2827802145514	0.0	0.3
4227.973307394445	300	42.243330982631946	0.0	178742	1782.8879463118155	0.0	0.3

