17755.270958627178	300	4.0	1.2172273801730016	134752	1217.2273801730016	0.0	-11.872273801730016
17756.219508197002	300	7.051450430175602	0.0	100931	948.5495698243985	0.0	0.3
17758.394976833697	300	8.875981793479339	0.0	161324	2175.4686366962633	0.0	0.3
17763.6337404556	750	7.637218171573686	0.0	450960	5238.763621905653	0.45	0.3
17769.84967428955	750	5.4212843376228514	0.0	253491	6215.933833950835	0.0	0.75
17772.761070266126	300	6.509888361044401	0.0	150777	2911.3959765784507	0.45	-0.15000000000000002
17775.656858469258	300	7.614100157914107	0.0	148597	2895.7882031302934	0.0	0.3
17778.81492626734	300	8.456032359834042	0.0	161722	3158.067798080066	0.0	0.3
17782.53463092921	300	8.736327697964015	0.0	197133	3719.7046618700288	0.0	0.3
17785.954487006435	300	9.316471620740355	0.0	154508	3419.8560772236606	0.0	0.3
17789.774967140886	300	9.495991486287595	0.0	127064	3820.480134452758	0.0	0.3
17793.60030029985	300	9.67065832732134	0.0	106819	3825.3331589662553	0.0	0.3
17797.28488771885	300	9.986070908320652	0.0	167782	3684.587419000687	0.0	0.3
17801.15343104478	300	10.117527582394759	0.0	176784	3868.5433259258944	0.0	0.3
17804.60274227164	300	10.668216355536375	0.0	127732	3449.311226858385	0.0	0.3
17809.99009661517	300	9.28086201200794	0.0	164342	5387.354343528435	0.0	0.3
17814.543751837977	300	8.727206789199508	0.0	154205	4553.655222808431	0.0	0.3
17817.162210282633	300	10.108748344541608	0.0	158473	2618.4584446579015	0.0	0.3
17818.004218032976	300	13.266740594200794	0.0	112467	842.007750340814	0.0	0.3
17818.714699783897	300	16.556258843277938	0.0	112764	710.4817509228544	0.0	0.3
17821.082592881008	750	18.18836574616695	0.0	470303	2367.8930971109858	0.45	0.3
17822.44546715426	750	20.825491472914127	0.0	258018	1362.8742732528212	0.0	0.75
17823.639604826705	750	23.631353800470134	0.0	221946	1194.1376724439942	0.0	0.75
17825.558596594634	750	25.712362032539307	0.0	359492	1918.9917679308264	0.0	0.75
17828.492154737436	1200	26.778803889739354	0.0	711585	2933.558142799954	0.45	0.75
17833.636295405642	1850	25.634663221534606	0.0	992588	5144.1406682047445	0.65	1.2000000000000002
17838.123577830833	1850	25.14738079634371	0.0	861042	4487.282425190897	0.0	1.85
17845.929010475367	1850	21.3419481518091	0.0	970437	7805.432644534614	0.0	1.85
17854.034423337296	1850	17.236535289879892	0.0	975109	8105.412861929205	0.0	1.85
17860.09515423146	1200	15.175804395713637	0.0	739591	6060.730894166254	0.65	0.5499999999999999
17865.019035727906	1200	14.251922899268783	0.0	581068	4923.881496444855	0.0	1.2
17870.604815030365	1200	12.666143596808972	0.0	709814	5585.779302459811	0.0	1.2
17876.148295085146	1200	11.122663542029146	0.0	792258	5543.480054779827	0.0	1.2
17880.417481070843	1200	10.853477556334305	0.0	621262	4269.185985694841	0.0	1.2
17883.48802664697	1200	11.78293198020401	0.0	513933	3070.545576130294	0.0	1.2
17887.27400180941	1200	11.996956817767726	0.0	734468	3785.9751624362834	0.0	1.2
17890.193022289564	1200	13.07793633761224	0.0	566795	2919.0204801554864	0.0	1.2
17893.001710682543	1200	14.269247944630745	0.0	536446	2808.6883929814967	0.0	1.2
17896.282674717386	1200	14.988283909788457	0.0	667775	3280.964034842287	0.0	1.2
17898.971560021226	1200	16.299398605950017	0.0	691562	2688.8853038384386	0.0	1.2
17904.535092922437	1850	14.73586570473676	0.0	982374	5563.53290121326	0.65	1.2000000000000002
17909.12486743347	1850	14.14609119370667	0.0	804922	4589.774511030089	0.0	1.85
17913.605795200845	1850	13.665163426334273	0.0	939905	4480.927767372397	0.0	1.85
17918.446456065216	1850	12.824502561962785	0.0	1077065	4840.660864371489	0.0	1.85
17923.157660542372	1850	12.113298084806496	0.0	1086670	4711.204477156289	0.0	1.85
17928.587125891343	1850	10.683832735834784	0.0	1079573	5429.465348971713	0.0	1.85
17935.089471035313	2850	8.181487591863108	0.0	1282374	6502.345143971675	1.0	1.85
17941.565479044162	2850	5.705479583016065	0.0	1104922	6476.008008847043	0.0	2.85

