3718.624479274747	300	4.0	1.0315708055956516	134752	1031.5708055956516	0.0	-10.015708055956516
3719.4172181801405	300	7.207261094606576	0.0	100931	792.7389053934244	0.0	0.3
3720.8525456875245	300	9.771933587222614	0.0	161324	1435.3275073839625	0.0	0.3
3722.1232800992407	300	12.50119917550649	0.0	185986	1270.734411716124	0.0	0.3
3723.1486350262207	300	15.475844248526409	0.0	153491	1025.354926980081	0.0	0.3
3724.2025304087456	300	18.421948866001273	0.0	150777	1053.895382525135	0.0	0.3
3725.351315808957	300	21.27316346578965	0.0	148597	1148.7854002116203	0.0	0.3
3726.911378298493	300	23.713100976253973	0.0	161722	1560.0624895356782	0.0	0.3
3730.9595741692374	300	23.664905105509675	0.0	197133	4048.195870744297	0.0	0.3
3735.0293783419124	300	23.59510093283465	0.0	154508	4069.8041726750243	0.0	0.3
3738.2968054257694	300	24.327673848977113	0.0	127064	3267.4270838575403	0.0	0.3
3741.0898943628627	300	25.53458491188412	0.0	106819	2793.088937092989	0.0	0.3
3745.0366498429466	300	25.587829431799893	0.0	167782	3946.75548008423	0.0	0.3
3748.0862515753815	300	26.53822769936522	0.0	176784	3049.601732434673	0.0	0.3
3756.5789112705497	750	22.045568004197367	0.0	468278	8492.659695167853	0.45	0.3
3762.926656045661	750	19.697823229086236	0.0	350673	6347.744775111132	0.0	0.75
3765.8623036262916	300	20.76217564845552	0.0	154205	2935.647580630713	0.45	-0.15000000000000002
3769.9383978544606	300	20.68608142028664	0.0	158473	4076.0942281688813	0.0	0.3
3774.7978134326227	750	19.826665842124488	0.0	385116	4859.415578162155	0.45	0.3
3776.262176634599	300	22.36230264014826	0.0	112764	1464.3632019762267	0.45	-0.15000000000000002
3778.7640398530784	300	23.860439421668772	0.0	139768	2501.863218479489	0.0	0.3
3780.14505788244	300	26.47942139230686	0.0	109931	1381.0180293619142	0.0	0.3
3783.732464705806	750	26.89201456894153	0.0	221946	3587.406823365332	0.45	0.3
3788.3426818951025	750	26.281797379644964	0.0	359492	4610.217189296567	0.0	0.75
3792.498815978452	750	26.125663296295098	0.0	411585	4156.134083349865	0.0	0.75
3799.332406844358	1200	23.292072430389467	0.0	692588	6833.59086590563	0.45	0.75
3806.11566584261	1200	20.508813432137604	0.0	561042	6783.25899825186	0.0	1.2
3812.7990141160312	1200	17.825465158716298	0.0	670437	6683.348273421306	0.0	1.2
3819.192353045292	1200	15.432126229455633	0.0	675109	6393.338929260665	0.0	1.2
3823.591370246719	750	15.033109028028141	0.0	439591	4399.017201427492	0.45	0.3
3826.402879028899	750	16.221600245847927	0.0	281068	2811.5087821802113	0.0	0.75
3828.0953827047465	300	18.52909657000073	0.0	147805	1692.5036758472002	0.45	-0.15000000000000002
3829.85386768121	300	20.7706115935373	0.0	163354	1758.4849764634305	0.0	0.3
3833.191969426777	750	21.432509847970145	0.0	321262	3338.101745567152	0.45	0.3
3838.487767998395	1200	20.136711276352113	0.0	513933	5295.798571618031	0.45	0.75
3850.709408503545	1200	11.91507077120202	0.0	734468	12221.640505150095	0.0	1.2
3855.3860457742744	750	11.238433500472357	0.0	266795	4676.6372707296605	0.45	0.3
3859.011979033487	750	11.612500241259735	0.0	236446	3625.9332592126234	0.0	0.75
3861.372748706803	300	13.251730567943653	0.0	180513	2360.7696733160806	0.45	-0.15000000000000002
3862.7339820345846	300	15.890497240162428	0.0	161516	1361.2333277812259	0.0	0.3
3865.800690097605	750	16.823789177141553	0.0	382374	3066.7080630208766	0.45	0.3
3870.0946597465136	1200	16.529819528233045	0.0	504922	4293.969648908507	0.45	0.75
3875.89699952793	1200	14.727479746816742	0.0	639905	5802.3397814163045	0.0	1.2
3883.858694734626	1200	10.765784540120581	0.0	777065	7961.69520669616	0.0	1.2
3888.2632460843374	750	10.36123319040877	0.0	486670	4404.551349711813	0.45	0.3
3890.1513415076906	300	12.473137767055924	0.0	144037	1888.095423352846	0.45	-0.15000000000000002
3894.0386532806897	750	12.585825994056485	0.0	303693	3887.3117729994374	0.45	0.3
3899.231839213907	1200	11.392640060839389	0.0	656943	5193.185933217097	0.45	0.75

