16428.44585351217	300	4.0	1.9139247001089976	134752	1913.9247001089975	0.0	-18.839247001089976
16433.129885817958	750	4.0	0.6840323057853775	332003	4684.0323057853775	0.45	-6.540323057853776
16435.33657425939	300	5.793311558568633	0.0	161324	2206.688441431367	0.45	-0.15000000000000002
16438.947013603192	300	6.182872214764821	0.0	185986	3610.439343803813	0.0	0.3
16441.776200057244	300	7.353685760713452	0.0	153491	2829.186454051369	0.0	0.3
16443.4478484137	300	9.682037404257162	0.0	150777	1671.6483564562893	0.0	0.3
16445.265609702397	300	11.864276115558507	0.0	148597	1817.7612886986556	0.0	0.3
16447.67832786921	300	13.451557948747313	0.0	161722	2412.718166811194	0.0	0.3
16451.803126835544	300	13.326758982414358	0.0	197133	4124.798966332955	0.0	0.3
16458.579807528666	750	10.550078289290846	0.0	452035	6776.680693123512	0.45	0.3
16461.54657759661	750	11.583308221346336	0.0	212467	2966.7700679445106	0.0	0.75
16464.119288283946	750	13.010597534013865	0.0	212764	2572.710687332471	0.0	0.75
16469.018108961925	750	12.111776856032144	0.0	498076	4898.820677981721	0.0	0.75
16470.8214597851	300	14.308426032857989	0.0	176784	1803.350823174155	0.45	-0.15000000000000002
16472.285878508235	300	16.84400730972386	0.0	127732	1464.4187231341298	0.0	0.3
16478.42507885171	750	14.704806966247615	0.0	350673	6139.200343476245	0.45	0.3
16485.874726890215	750	11.25515892774214	0.0	313909	7449.648038505474	0.0	0.75
16488.879819298727	300	12.250066519229904	0.0	158473	3005.0924085122374	0.45	-0.15000000000000002
16490.991312918377	300	14.138572899580767	0.0	112467	2111.4936196491367	0.0	0.3
16493.19927802659	300	15.930607791366038	0.0	112764	2207.9651082147307	0.0	0.3
16504.181269448214	750	8.94861636974117	0.0	470303	10981.991421624867	0.45	0.3
16506.321509960475	300	10.808375857479765	0.0	109931	2140.2405122614064	0.45	-0.15000000000000002
16508.48559083268	300	12.64429498527784	0.0	135932	2164.0808722019237	0.0	0.3
16509.94704327399	300	15.182842543967432	0.0	106134	1461.4524413104082	0.0	0.3
16512.268319741845	300	16.86156607611369	0.0	119601	2321.276467853743	0.0	0.3
16515.24657716219	300	17.883308655766182	0.0	141082	2978.257420347507	0.0	0.3
16520.693871947766	750	16.436013870190813	0.0	261042	5447.294785575366	0.45	0.3
16528.6636668454	750	12.46621897255701	0.0	370437	7969.794897633804	0.0	0.75
16535.515134792466	750	9.614751025492241	0.0	375109	6851.467947064767	0.0	0.75
16539.893355515156	750	9.236530302801999	0.0	439591	4378.220722690244	0.0	0.75
16542.965377053235	750	10.164508764723628	0.0	281068	3072.0215380783698	0.0	0.75
16548.52759142667	750	8.602294391287586	0.0	409814	5562.214373436043	0.0	0.75
16558.21820199329	750	4.0	1.0883161753318291	492258	9690.610566619414	0.0	-10.13316175331829
16563.001867616695	750	4.0	0.783665623405037	321262	4783.665623405037	0.0	-7.08665623405037
16565.948359442646	300	5.053508174052073	0.0	158018	2946.491825947927	0.45	-0.15000000000000002
16568.902195585102	300	6.099672031593616	0.0	121946	2953.8361424584573	0.0	0.3
16571.200157280913	300	7.801710335781385	0.0	128420	2297.961695812231	0.0	0.3
16574.329711975595	300	8.672155641100206	0.0	176603	3129.5546946811787	0.0	0.3
16577.46112040682	300	9.54074720987367	0.0	180513	3131.408431226535	0.0	0.3
16582.883978543967	750	8.117889072728047	0.0	391562	5422.858137145623	0.45	0.3
16587.407124768404	750	7.594742848292105	0.0	382374	4523.146224435943	0.0	0.75
16589.77024985022	750	9.231617766477095	0.0	204922	2363.1250818150106	0.0	0.75
16597.585735054254	1200	5.416132562440261	0.0	639905	7815.485204036834	0.45	0.75
16603.69017737662	750	4.0	0.6883097599230341	477065	6104.442322363295	0.45	-6.583097599230341
16606.261434524888	300	5.428742851730544	0.0	178996	2571.2571482694566	0.45	-0.15000000000000002
16608.53483689766	300	7.155340478961388	0.0	144037	2273.4023727691556	0.0	0.3
16611.36425677978	300	8.325920596839856	0.0	181068	2829.4198821215314	0.0	0.3
16614.03927388752	300	9.650903489100584	0.0	178742	2675.0171077392743	0.0	0.3

