17942.9179058114	300	4.0	1.352426767236084	134752	1352.4267672360838	0.0	-13.224267672360838
17943.95097000372	300	6.966935807677028	0.0	100931	1033.0641923229723	0.0	0.3
17945.20370530775	300	9.714200503646483	0.0	161324	1252.7353040305431	0.0	0.3
17946.65883911811	300	12.259066693286982	0.0	185986	1455.133810359501	0.0	0.3
17948.15669274654	300	14.761213064861764	0.0	153491	1497.8536284252184	0.0	0.3
17951.13223858543	750	15.78566722597164	0.0	379669	2975.5458388901234	0.45	0.3
17953.436666872803	750	17.481238938597283	0.0	297133	2304.4282873743587	0.0	0.75
17958.053698771433	1200	16.864207039968996	0.0	554508	4617.031898628286	0.45	0.75
17963.108810137943	1200	15.809095673460261	0.0	658136	5055.111366508734	0.0	1.2
17969.69944242876	1200	13.218463382642913	0.0	752035	6590.632290817349	0.0	1.2
17974.431408510074	1200	12.486497301328425	0.0	512467	4731.9660813144865	0.0	1.2
17979.53922419549	1200	11.378681615912534	0.0	512764	5107.815685415891	0.0	1.2
17992.843070578776	1200	4.0	1.9251647673703955	798076	13303.84638328293	0.0	-18.051647673703958
18003.752491847965	750	4.0	6.909421269190141	432887	10909.421269190141	0.45	-68.79421269190142
18006.816142326945	300	4.936349521022573	0.0	127732	3063.6504789774262	0.45	-0.15000000000000002
18010.658936573032	300	5.093555274933022	0.0	164342	3842.794246089551	0.0	0.3
18014.228450292772	300	5.524041555192508	0.0	154205	3569.5137197405147	0.0	0.3
18017.15992712323	300	6.592564724737584	0.0	158473	2931.476830454924	0.0	0.3
18020.231699105832	300	7.520792742134935	0.0	112467	3071.7719826026487	0.0	0.3
18023.716647396534	300	8.03584445143431	0.0	112764	3484.9482907006254	0.0	0.3
18027.835896675082	300	7.9165951728870505	0.0	139768	4119.24927854726	0.0	0.3
18030.436512484444	300	9.315979363522823	0.0	109931	2600.615809364226	0.0	0.3
18032.337581639455	300	11.414910208514593	0.0	135932	1901.06915500823	0.0	0.3
18033.56052116645	300	14.191970681518438	0.0	106134	1222.9395269961549	0.0	0.3
18034.750392585876	300	17.002099262092933	0.0	119601	1189.871419425507	0.0	0.3
18036.099787536034	300	19.652704311938212	0.0	141082	1349.3949501547206	0.0	0.3
18039.17142043808	750	20.581071409890875	0.0	261042	3071.632902047335	0.45	0.3
18047.321053562653	750	16.43143828532143	0.0	370437	8149.6331245694455	0.0	0.75
18057.482608993527	750	10.2698828544454	0.0	375109	10161.55543087603	0.0	0.75
18062.29906603844	300	9.453425809534663	0.0	183475	4816.457044910737	0.45	-0.15000000000000002
18065.334770261525	300	10.417721586446119	0.0	124205	3035.704223088545	0.0	0.3
18069.16546389393	300	10.58702795404354	0.0	147805	3830.6936324025774	0.0	0.3
18074.28528540838	300	9.4672064395928	0.0	163354	5119.821514450739	0.0	0.3
18076.328602566213	300	11.423889281758381	0.0	108159	2043.3171578344193	0.0	0.3
18078.94909695571	300	12.803394892261975	0.0	158018	2620.494389496407	0.0	0.3
18081.243397231752	300	14.509094616218654	0.0	121946	2294.300276043321	0.0	0.3
18084.365742828686	300	15.386749019288303	0.0	128420	3122.3455969303504	0.0	0.3
18087.525614556806	300	16.22687729117086	0.0	176603	3159.8717281174418	0.0	0.3
18091.50538756963	300	16.247104278345663	0.0	180513	3979.7730128252	0.0	0.3
18101.35028954375	750	10.40220230422775	0.0	391562	9844.901974117913	0.45	0.3
18107.865383383098	750	7.887108464878271	0.0	382374	6515.093839349477	0.0	0.75
18110.315213559526	300	9.437278288451441	0.0	161603	2449.83017642683	0.45	-0.15000000000000002
18111.855988575204	300	11.896503272772648	0.0	121636	1540.7750156787931	0.0	0.3
18114.1419116369	300	13.610580211078444	0.0	139365	2285.9230616942045	0.0	0.3
18117.633965324978	300	14.118526522999025	0.0	178996	3492.053688079418	0.0	0.3
18125.452072722597	750	10.300419125380957	0.0	479573	7818.107397618069	0.45	0.3
18128.246199921017	750	11.50629192696272	0.0	303693	2794.127198418237	0.0	0.75
18133.412961751717	1200	10.339530096261313	0.0	656943	5166.761830701407	0.45	0.75

