5261.714587872681	300	4.0	0.6259726444056591	134752	625.9726444056591	0.0	-5.959726444056591
5262.203528481892	300	7.511059390788207	0.0	100931	488.94060921179346	0.0	0.3
5262.938752722401	300	10.775835150279677	0.0	161324	735.2242405085291	0.0	0.3
5263.795616934445	300	13.918970938235667	0.0	185986	856.8642120440106	0.0	0.3
5264.583184994845	300	17.13140287783432	0.0	153491	787.5680604013482	0.0	0.3
5265.330431291789	300	20.384156580891165	0.0	150777	747.2462969431554	0.0	0.3
5266.634174776204	750	23.080413096475212	0.0	297133	1303.743484415953	0.45	0.3
5273.08698379711	1200	20.627604075569696	0.0	554508	6452.809020905517	0.45	0.75
5280.512249000898	1200	17.20233887178241	0.0	658136	7425.265203787286	0.0	1.2
5287.302900429218	1200	14.411687443461666	0.0	752035	6790.651428320743	0.0	1.2
5290.265886645532	1200	15.448701227147467	0.0	512467	2962.986216314198	0.0	1.2
5291.606690675978	750	18.107897196702055	0.0	212764	1340.8040304454134	0.45	0.3
5294.078823650156	750	19.635764222523182	0.0	498076	2472.1329741788727	0.0	0.75
5296.235335201681	750	21.47925267099849	0.0	432887	2156.5115515246916	0.0	0.75
5296.942154331841	300	24.77243354083778	0.0	127732	706.8191301607094	0.45	-0.15000000000000002
5297.810449267183	300	27.90413860549715	0.0	164342	868.294935340634	0.0	0.3
5299.499114815251	750	30.215473057428742	0.0	313909	1688.6655480684055	0.45	0.3
5301.691246315809	750	32.02334155687066	0.0	412433	2192.1315005580846	0.0	0.75
5307.894031658125	1200	29.820556214554557	0.0	685116	6202.785342316104	0.45	0.75
5314.595122943322	1200	27.119464929357353	0.0	583475	6701.0912851972025	0.0	1.2
5329.976055511748	1200	15.738532360931462	0.0	770303	15380.932568425891	0.0	1.2
5335.135879670335	1200	14.578708202344629	0.0	558018	5159.824158586833	0.0	1.2
5338.729364761498	1200	14.985223111181709	0.0	521946	3593.485091162919	0.0	1.2
5346.860259759559	1200	10.854328113120502	0.0	659492	8130.894998061207	0.0	1.2
5352.107045513096	750	9.607542359584594	0.0	411585	5246.785753535908	0.45	0.3
5353.936996635982	300	11.777591236697758	0.0	141082	1829.9511228868357	0.45	-0.15000000000000002
5355.288594160251	300	14.42599371242918	0.0	143746	1351.5975242685759	0.0	0.3
5356.700929694228	300	17.01365817845136	0.0	181361	1412.3355339778175	0.0	0.3
5359.249440147374	750	18.46514772530496	0.0	375109	2548.510453146404	0.45	0.3
5360.2288122596665	300	21.4857756130123	0.0	183475	979.3721122926586	0.45	-0.15000000000000002
5360.785157090213	300	24.929430782465843	0.0	124205	556.3448305464585	0.0	0.3
5362.4806751831065	750	27.23391268957262	0.0	409814	1695.518092893225	0.45	0.3
5366.461065477463	1200	27.25352239521572	0.0	792258	3980.390294356897	0.45	0.75
5369.326807024691	1200	28.38778084798788	0.0	621262	2865.741547227839	0.0	1.2
5372.607855478562	1850	29.106732394117998	0.0	813933	3281.048453869883	0.65	1.2000000000000002
5376.833717438022	1850	28.880870434657307	0.0	1034468	4225.86195946069	0.0	1.85
5380.594791774072	1850	29.119796098606873	0.0	866795	3761.0743360504343	0.0	1.85
5386.172674116087	2850	27.541913756592145	0.0	1309814	5577.882342014728	1.0	1.85
5395.128284043595	2850	22.586303829084496	0.0	1221262	8955.609927507649	0.0	2.85
5409.634437614442	2850	12.080150258237726	0.0	1113933	14506.15357084677	0.0	2.85
5414.871695684463	1850	10.84289218821633	0.0	982374	5237.258070021395	1.0	0.8500000000000001
5419.151380669907	1850	10.56320720277228	0.0	804922	4279.684985444051	0.0	1.85
5423.757867514581	1850	9.95672035809789	0.0	939905	4606.48684467439	0.0	1.85
5429.312102603846	1850	8.402485268833308	0.0	1077065	5554.235089264582	0.0	1.85
5435.320599277632	1850	6.393988595046774	0.0	1086670	6008.496673786534	0.0	1.85
5441.707203645609	1850	4.007384227070113	0.0	1079573	6386.604367976661	0.0	1.85
5446.561499675372	1850	4.0	0.8469118026919187	903693	4854.296029762032	0.0	-6.619118026919187
5451.5516158113105	1850	4.0	0.9901161359385715	956943	4990.1161359385715	0.0	-8.051161359385715

