5771.937059138677	300	4.0	1.3207986346409821	134752	1320.798634640982	0.0	-12.907986346409821
5773.0400410474695	300	6.8970180912078	0.0	100931	1102.9819087922	0.0	0.3
5774.9712740143	300	8.96578512437712	0.0	161324	1931.232966830679	0.0	0.3
5778.105674020061	300	9.831385118616776	0.0	185986	3134.4000057603444	0.0	0.3
5783.071754526034	300	8.865304612643829	0.0	153491	4966.080505972946	0.0	0.3
5787.450894756659	300	8.48616438201875	0.0	150777	4379.140230625081	0.0	0.3
5791.311138904474	300	8.625920234202814	0.0	148597	3860.244147815934	0.0	0.3
5794.721116042105	300	9.215943096572728	0.0	161722	3409.9771376300864	0.0	0.3
5799.397460544064	300	8.539598594612864	0.0	197133	4676.344501959863	0.0	0.3
5802.982152061409	300	8.954907077268738	0.0	154508	3584.691517344126	0.0	0.3
5806.262099025275	300	9.674960113401164	0.0	127064	3279.9469638675723	0.0	0.3
5809.741925493339	300	10.195133645337886	0.0	106819	3479.8264680632774	0.0	0.3
5816.275445736579	300	7.661613402098736	0.0	167782	6533.520243239151	0.0	0.3
5820.061395113185	300	7.875664025492233	0.0	176784	3785.949376606503	0.0	0.3
5822.132322496974	300	9.804736641703458	0.0	127732	2070.927383788774	0.0	0.3
5824.221284662131	300	11.715774476545862	0.0	164342	2088.962165157597	0.0	0.3
5826.371142714271	300	13.565916424406481	0.0	154205	2149.8580521393806	0.0	0.3
5829.363526623943	300	14.573532514733813	0.0	158473	2992.383909672668	0.0	0.3
5831.66941394926	300	16.267645189415767	0.0	112467	2305.887325318049	0.0	0.3
5832.760830956016	300	19.176228182659912	0.0	112764	1091.4170067558512	0.0	0.3
5833.936823622394	300	22.000235516282913	0.0	139768	1175.9926663770007	0.0	0.3
5835.853288209689	750	24.08377092898757	0.0	258018	1916.4645872953438	0.45	0.3
5838.165414546778	750	25.77164459189792	0.0	221946	2312.126337089645	0.0	0.75
5841.282992609417	750	26.654066529259275	0.0	359492	3117.578062638648	0.0	0.75
5845.214616459516	750	26.72244267916028	0.0	411585	3931.6238500989925	0.0	0.75
5851.778747709203	1200	24.158311429472864	0.0	692588	6564.131249687421	0.45	0.75
5865.833593453639	1200	14.10346568503712	0.0	561042	14054.845744435741	0.0	1.2
5873.082165481749	750	10.85489365692708	0.0	370437	7248.572028110039	0.45	0.3
5874.823476690539	300	13.11358244813704	0.0	154044	1741.31120879004	0.45	-0.15000000000000002
5877.255191159293	300	14.681867979383252	0.0	183475	2431.7144687537866	0.0	0.3
5879.033353473966	300	16.90370566471051	0.0	124205	1778.1623146727381	0.0	0.3
5880.557375582127	300	19.37968355654943	0.0	147805	1524.0221081610835	0.0	0.3
5886.497528634921	750	17.439530503755698	0.0	492258	5940.153052793733	0.45	0.3
5888.752104804532	750	19.184954334144546	0.0	321262	2254.5761696111526	0.0	0.75
5890.3638686284585	750	21.57319051021783	0.0	213933	1611.7638239267133	0.0	0.75
5893.204889293266	750	22.732169845409658	0.0	434468	2841.0206648081726	0.0	0.75
5897.130851965506	1200	22.806207173170797	0.0	566795	3925.962672238862	0.45	0.75
5904.725948159336	1200	19.211110979340337	0.0	536446	7595.096193830462	0.0	1.2
5909.513878255661	1200	18.423180883014588	0.0	667775	4787.930096325749	0.0	1.2
5913.4111114396	1200	18.525947699076635	0.0	691562	3897.233183937953	0.0	1.2
5917.63409372636	1200	18.30296541231619	0.0	682374	4222.982286760445	0.0	1.2
5921.430850949178	1200	18.50620818949757	0.0	504922	3796.757222818618	0.0	1.2
5925.969815239934	1200	17.967243898741824	0.0	639905	4538.964290755746	0.0	1.2
5931.0267087005595	1200	16.910350438117124	0.0	777065	5056.893460624703	0.0	1.2
5935.883782792115	1200	16.05327634656107	0.0	786670	4857.074091556051	0.0	1.2
5951.46064492009	1850	4.476414218586024	0.0	1079573	15576.862127975048	0.65	1.2000000000000002
5959.996987325236	1200	4.0	4.059928186560353	603693	8536.342405146377	0.65	-40.049281865603525
5963.560064579702	750	4.436922745533973	0.0	356943	3563.0772544660267	0.45	0.3

