5874.867282148487	750	4.0	5.622069682808971	496896	5622.069682808971	0.0	-55.47069682808971
5877.0468368489555	300	5.820445299531295	0.0	100931	2179.5547004687055	0.45	-0.15000000000000002
5882.262265320629	300	4.60501682785817	0.0	161324	5215.428471673125	0.0	0.3
5887.434093387684	300	4.0	0.5668112391968944	185986	5171.828067055064	0.0	-5.3681123919689435
5891.180631409478	300	4.253461978205104	0.0	153491	3746.538021794896	0.0	0.3
5894.200588776423	300	5.233504611260833	0.0	150777	3019.9573669442707	0.0	0.3
5897.948559664648	300	5.485533723035722	0.0	148597	3747.9708882251116	0.0	0.3
5901.677543537611	300	5.756549850072901	0.0	161722	3728.9838729628214	0.0	0.3
5907.280002565427	300	4.15409082225734	0.0	197133	5602.459027815561	0.0	0.3
5913.144272931958	300	4.0	1.7101795442738768	154508	5864.2703665312165	0.0	-16.80179544273877
5916.759033392969	300	4.38523953898792	0.0	127064	3614.76046101208	0.0	0.3
5918.863488925542	300	6.280784006415735	0.0	106819	2104.455532572185	0.0	0.3
5921.453413505026	300	7.690859426931642	0.0	167782	2589.924579484094	0.0	0.3
5927.944527469975	750	5.199745461983198	0.0	432887	6491.113964948443	0.45	0.3
5930.236323708732	300	6.907949223226336	0.0	127732	2291.796238756862	0.45	-0.15000000000000002
5931.760388716022	300	9.383884215935156	0.0	164342	1524.0650072911824	0.0	0.3
5936.976188178564	1200	8.168084753393305	0.0	613909	5215.79946254185	0.9	0.29999999999999993
5940.650420403369	750	8.493852528588757	0.0	412433	3674.2322248045484	0.45	0.3
5944.2861551648175	750	8.858117767140305	0.0	385116	3635.734761448452	0.0	0.75
5946.211751638833	750	10.932521293124625	0.0	283475	1925.5964740156805	0.0	0.75
5961.659909429163	1200	4.0	4.515636497205349	770303	15448.157790329973	0.45	-44.40636497205349
5964.321292690742	300	5.33861673842159	0.0	109931	2661.38326157841	0.9	-0.6000000000000001
5967.579680061769	300	6.080229367394879	0.0	135932	3258.3873710267108	0.0	0.3
5969.612775999465	300	8.047133429698457	0.0	106134	2033.0959376964222	0.0	0.3
5974.907930101258	750	6.751979327905966	0.0	411585	5295.154101792491	0.45	0.3
5976.90187747426	300	8.758031954904036	0.0	141082	1993.9473730019292	0.45	-0.15000000000000002
5979.617776509546	750	10.042132919616739	0.0	261042	2715.899035287297	0.45	0.3
5986.494823551141	1200	7.165085878022302	0.0	670437	6877.047041594436	0.45	0.75
5989.161094102239	750	8.4988153269239	0.0	375109	2666.270551098403	0.45	0.3
5992.160738082643	750	9.499171346520757	0.0	439591	2999.6439804031406	0.0	0.75
5996.185656094727	1200	9.47425333443595	0.0	581068	4024.9180120848064	0.45	0.75
6005.291393889119	1200	4.3685155400440765	0.0	709814	9105.737794391875	0.0	1.2
6006.381552967222	300	7.278356461940384	0.0	163354	1090.1590781036925	0.9	-0.6000000000000001
6008.430888952362	750	9.229020476801736	0.0	321262	2049.3359851386485	0.45	0.3
6011.302439675434	1200	10.357469753730014	0.0	513933	2871.5507230717208	0.45	0.75
6015.77211159221	1200	9.88779783695273	0.0	734468	4469.671916777285	0.0	1.2
6019.951753607257	1200	9.708155821905974	0.0	566795	4179.6420150467575	0.0	1.2
6023.835454035202	1200	9.824455393961589	0.0	536446	3883.7004279443845	0.0	1.2
6028.305463910601	1200	9.354445518562612	0.0	667775	4470.009875398977	0.0	1.2
6032.467439350337	1200	9.192470078825881	0.0	691562	4161.975439736731	0.0	1.2
6040.269187622823	1200	5.390721806341006	0.0	682374	7801.748272484876	0.0	1.2
6043.462656425219	300	6.197253003944954	0.0	161603	3193.4688023960516	0.9	-0.6000000000000001
6045.059105688887	300	8.60080374027705	0.0	121636	1596.4492636679038	0.0	0.3
6051.199417757418	750	6.46049167174596	0.0	477065	6140.31206853109	0.45	0.3
6054.7851518445705	300	6.874757584593375	0.0	178996	3585.734087152585	0.45	-0.15000000000000002
6056.566347108074	300	9.093562321088866	0.0	144037	1781.1952635045081	0.0	0.3
6062.643444572981	1200	7.016464856181482	0.0	603693	6077.097464907384	0.9	0.29999999999999993
6065.110412479908	750	8.549496949255401	0.0	356943	2466.9679069260806	0.45	0.3

