4788.739523892217	300	4.0	0.6259726444056591	134752	625.9726444056591	0.0	-5.959726444056591
4789.22846450143	300	7.511059390788207	0.0	100931	488.94060921179346	0.0	0.3
4789.963688741938	300	10.775835150279677	0.0	161324	735.2242405085291	0.0	0.3
4790.820552953982	300	13.918970938235667	0.0	185986	856.8642120440106	0.0	0.3
4791.608121014383	300	17.13140287783432	0.0	153491	787.5680604013482	0.0	0.3
4792.355367311326	300	20.384156580891165	0.0	150777	747.2462969431554	0.0	0.3
4793.060518720953	300	23.679005171264606	0.0	148597	705.1514096265605	0.0	0.3
4794.385072426208	750	26.354451466009287	0.0	254508	1324.553705255319	0.45	0.3
4798.512796013409	750	26.22672787880941	0.0	358136	4127.723587199879	0.0	0.75
4801.495759687283	300	27.24376420493509	0.0	154508	2982.963673874318	0.45	-0.15000000000000002
4804.042950423259	300	28.69657346895874	0.0	127064	2547.1907359763513	0.0	0.3
4805.1587846639195	300	31.580739228298505	0.0	106819	1115.8342406602364	0.0	0.3
4806.52115231589	300	34.21837157632815	0.0	167782	1362.367651970357	0.0	0.3
4807.840925882606	300	36.89859800961158	0.0	176784	1319.7735667165714	0.0	0.3
4808.763560915242	300	39.97596297697588	0.0	127732	922.6350326357061	0.0	0.3
4810.324096209574	300	42.41542768264294	0.0	164342	1560.5352943329378	0.0	0.3
4811.96756459775	300	44.77195929446708	0.0	154205	1643.4683881758622	0.0	0.3
4813.904890092523	300	46.834633799693975	0.0	158473	1937.325494773101	0.0	0.3
4814.7953848013685	300	49.94413909084895	0.0	112467	890.4947088450306	0.0	0.3
4816.418550214525	750	52.32097367769273	0.0	283475	1623.165413156224	0.45	0.3
4820.789506285718	1200	51.950017606499244	0.0	770303	4370.95607119348	0.45	0.75
4823.428623899137	1200	53.310899993079666	0.0	558018	2639.1176134195766	0.0	1.2
4826.07281493942	1200	54.66670895279749	0.0	521946	2644.191040282176	0.0	1.2
4832.435920149547	1850	52.3036037426698	0.0	959492	6363.105210127686	0.65	1.2000000000000002
4843.650616806706	1850	45.08890708551079	0.0	1011585	11214.696657159007	0.0	1.85
4860.92783519988	1850	31.81168869233681	0.0	992588	17277.218393173986	0.0	1.85
4867.496554588004	1850	29.24296930421316	0.0	861042	6568.7193881236435	0.0	1.85
4879.5449647506175	1850	21.194559141599456	0.0	970437	12048.410162613705	0.0	1.85
4887.0195590312205	1850	17.71996486099666	0.0	975109	7474.594280602794	0.0	1.85
4890.081104690166	1200	18.65841920205055	0.0	739591	3061.54565894611	0.65	0.5499999999999999
4893.139214509588	1200	19.600309382628577	0.0	581068	3058.109819421974	0.0	1.2
4896.410089871639	1200	20.32943402057756	0.0	709814	3270.875362051016	0.0	1.2
4899.576296276732	1200	21.163227615483397	0.0	792258	3166.206405094164	0.0	1.2
4902.073319318735	1200	22.666204573480975	0.0	621262	2497.023042002419	0.0	1.2
4904.290771638767	1200	24.448752253449527	0.0	513933	2217.4523200314507	0.0	1.2
4906.269639474603	750	26.4698844176141	0.0	434468	1978.8678358354246	0.45	0.3
4907.4217910777825	750	29.317732814433867	0.0	266795	1152.151603180232	0.0	0.75
4908.615110585539	750	32.124413306677226	0.0	236446	1193.3195077566459	0.0	0.75
4911.429114567636	1200	33.3104093245797	0.0	667775	2814.0039820975185	0.45	0.75
4914.352178542737	1200	34.387345349478096	0.0	691562	2923.0639751016065	0.0	1.2
4918.025719701443	1200	34.71380419077257	0.0	682374	3673.5411587055314	0.0	1.2
4927.431498550578	1200	29.308025341637897	0.0	504922	9405.778849134671	0.0	1.2
4935.291049160366	1200	25.448474731850165	0.0	639905	7859.550609787734	0.0	1.2
4939.670973911198	1200	25.068549981017068	0.0	777065	4379.924750833101	0.0	1.2
4943.934048828248	1200	24.805475063967474	0.0	786670	4263.074917049592	0.0	1.2
4949.362738219911	1850	23.376785672304404	0.0	1079573	5428.689391663074	0.65	1.2000000000000002
4953.599518058929	1850	23.14000583328693	0.0	903693	4236.77983901747	0.0	1.85
4959.098717275672	1850	21.640806616543426	0.0	956943	5499.199216743505	0.0	1.85

