14852.221047320256	300	4.0	1.597596947601862	134752	1597.5969476018622	0.0	-15.67596947601862
14853.424875422736	300	6.796171897521951	0.0	100931	1203.828102478049	0.0	0.3
14854.639858575356	300	9.58118874490177	0.0	161324	1214.9831526201806	0.0	0.3
14856.246691593175	300	11.97435572708325	0.0	185986	1606.8330178185215	0.0	0.3
14857.630277138494	300	14.590770181762526	0.0	153491	1383.5855453207248	0.0	0.3
14858.96496827588	300	17.256079044375785	0.0	150777	1334.6911373867426	0.0	0.3
14860.323717854837	300	19.89732946541999	0.0	148597	1358.7495789557943	0.0	0.3
14861.589901154875	300	22.631146165381658	0.0	161722	1266.1833000383315	0.0	0.3
14862.987156791065	300	25.233890529193182	0.0	197133	1397.2556361884765	0.0	0.3
14864.027730057562	300	28.193317262696464	0.0	154508	1040.5732664967177	0.0	0.3
14865.478507381484	750	30.74253993877414	0.0	212467	1450.7773239223218	0.45	0.3
14869.74825571727	1200	30.47279160298765	0.0	512764	4269.748335786492	0.45	0.75
14875.71240694514	1200	28.508640375117082	0.0	798076	5964.151227870568	0.0	1.2
14882.394978451233	1200	25.82606886902401	0.0	732887	6682.571506093075	0.0	1.2
14888.81447729335	1200	23.406570026907204	0.0	768278	6419.4988421168055	0.0	1.2
14894.111677503011	1200	22.1093698172448	0.0	650673	5297.200209662403	0.0	1.2
14898.799742040143	1200	21.42130528011453	0.0	613909	4688.06453713027	0.0	1.2
14902.997352296496	1200	21.223695023761543	0.0	712433	4197.61025635299	0.0	1.2
14908.083872925254	1200	20.13717439500453	0.0	685116	5086.520628757013	0.0	1.2
14912.956369982061	1200	19.264677338196453	0.0	583475	4872.497056808077	0.0	1.2
14918.956141031249	1200	17.264906289010284	0.0	770303	5999.77104918617	0.0	1.2
14923.580229066834	1200	16.64081825342503	0.0	558018	4624.088035585251	0.0	1.2
14928.609167803586	1200	15.611879516673657	0.0	521946	5028.938736751374	0.0	1.2
14934.960584164695	1200	13.26046315556372	0.0	659492	6351.416361109935	0.0	1.2
14940.081295870703	750	12.13975144955723	0.0	411585	5120.711706006492	0.45	0.3
14948.575494119423	750	7.645553200838347	0.0	392588	8494.198248718882	0.0	0.75
14951.1502981327	300	9.070749187561882	0.0	143746	2574.804013276466	0.45	-0.15000000000000002
14954.406633083092	300	9.814414237167988	0.0	181361	3256.3349503938925	0.0	0.3
14956.703653193656	300	11.51739412660299	0.0	154044	2297.0201105649976	0.0	0.3
14959.398115103408	300	12.822932216853038	0.0	183475	2694.4619097499526	0.0	0.3
14961.787572230547	300	14.433475089712632	0.0	124205	2389.4571271404047	0.0	0.3
14963.988076501795	300	16.232970818463585	0.0	147805	2200.5042712490476	0.0	0.3
14965.638721794907	300	18.582325525351862	0.0	163354	1650.6452931117244	0.0	0.3
14966.635186038151	300	21.585861282107917	0.0	108159	996.4642432439426	0.0	0.3
14967.991091239823	300	24.22995608043594	0.0	158018	1355.9052016719786	0.0	0.3
14970.916785459227	750	25.30426186103199	0.0	434468	2925.6942194039525	0.45	0.3
14973.223774841033	750	26.997272479227696	0.0	266795	2306.98938180429	0.0	0.75
14977.01196422568	1200	27.209083094581114	0.0	536446	3788.1893846465814	0.45	0.75
14981.102882535912	1200	27.118164784347965	0.0	667775	4090.9183102331476	0.0	1.2
14988.252901112337	1850	23.96814620792432	0.0	991562	7150.018576423643	0.65	1.2000000000000002
14994.499047512047	1850	21.721999808214623	0.0	982374	6246.146399709697	0.0	1.85
15001.85773521057	1850	18.3633121096913	0.0	804922	7358.687698523323	0.0	1.85
15011.00963052688	1850	13.21141679338182	0.0	939905	9151.895316309481	0.0	1.85
15020.572164184015	1850	7.648883136246534	0.0	1077065	9562.533657135287	0.0	1.85
15029.42032753988	1200	4.0	1.1992802196186403	786670	8848.163355865174	0.65	-11.442802196186404
15032.845032647116	750	4.575294892764508	0.0	479573	3424.705107235492	0.45	0.3
15036.651399764689	1200	4.76892777519154	0.0	603693	3806.3671175729687	0.45	0.75
15040.104750839106	1200	5.315576700775669	0.0	656943	3453.351074415871	0.0	1.2

