382.29260640410723	750	4.0	2.2310431784729023	496896	2231.043178472902	0.0	-21.560431784729023
382.73759898766224	300	7.555007416444983	0.0	100931	444.992583555017	0.45	-0.15000000000000002
386.5372504329914	750	7.755355971115771	0.0	417058	3799.6514453292125	0.45	0.3
392.9950698702102	750	5.297536533897002	0.0	450960	6457.819437218768	0.0	0.75
394.31626295447137	300	7.976343449635862	0.0	153491	1321.1930842611405	0.45	-0.15000000000000002
397.47770968662684	750	8.814896717480359	0.0	379669	3161.446732155503	0.45	0.3
399.78142645261903	750	10.511179951488215	0.0	297133	2303.716765992144	0.0	0.75
404.9593979681831	1200	9.33320843592416	0.0	554508	5177.971515564055	0.45	0.75
410.4326633874443	1200	7.859943016663003	0.0	658136	5473.265419261157	0.0	1.2
414.5304379360364	750	7.762168468070924	0.0	452035	4097.774548592079	0.45	0.3
416.86706938060127	750	9.425537023506035	0.0	212467	2336.631444564889	0.0	0.75
421.5425234847687	1200	8.750082919338652	0.0	512764	4675.454104167383	0.45	0.75
427.8014522339119	750	6.491154170195454	0.0	498076	6258.928749143199	0.45	0.3
429.52277366056484	300	8.769832743542521	0.0	176784	1721.3214266529324	0.45	-0.15000000000000002
433.53864299329234	750	8.753963410814993	0.0	468278	4015.869332727529	0.45	0.3
436.1264595839679	750	10.16614682013942	0.0	350673	2587.8165906755735	0.0	0.75
440.9143676235608	1200	9.378238780546583	0.0	613909	4787.908039592837	0.45	0.75
446.5145497143877	1200	7.778056689719614	0.0	712433	5600.18209082697	0.0	1.2
449.735550113862	750	8.557056290245303	0.0	385116	3221.0003994743115	0.45	0.3
452.0554711873129	750	10.237135216794394	0.0	283475	2319.9210734509074	0.0	0.75
458.2325177589255	1200	8.06008864518182	0.0	770303	6177.046571612576	0.45	0.75
460.2724916327603	750	10.020114771347005	0.0	258018	2039.9738738348142	0.45	0.3
465.1619191474016	1200	9.130687256705722	0.0	521946	4889.427514641283	0.45	0.75
471.8450425670956	1200	6.447563837011683	0.0	659492	6683.123419694039	0.0	1.2
472.9909538726808	300	9.30165253142648	0.0	119601	1145.911305585202	0.9	-0.6000000000000001
477.5003382042207	1200	8.792268199886484	0.0	692588	4509.384331539995	0.9	0.29999999999999993
479.53918551144045	750	10.75342089266681	0.0	261042	2038.847307219674	0.45	0.3
484.4724622433496	1200	9.820144160757671	0.0	670437	4933.276731909141	0.45	0.75
489.7379013158853	1200	8.554705088221953	0.0	675109	5265.439072535719	0.0	1.2
493.0280721184276	750	9.264534285679675	0.0	439591	3290.1708025422777	0.45	0.3
497.96001433006376	1200	8.332592074043488	0.0	581068	4931.942211636185	0.45	0.75
501.38849901327546	750	8.904107390831799	0.0	409814	3428.48468321169	0.45	0.3
506.0822678617599	750	8.210338542347406	0.0	492258	4693.768848484394	0.0	0.75
510.23846509009127	750	8.054141314015975	0.0	321262	4156.197228331431	0.0	0.75
512.9281152962826	750	9.364491107824618	0.0	213933	2689.650206191356	0.0	0.75
521.072634565335	1200	5.219971838772264	0.0	734468	8144.5192690523545	0.45	0.75
522.2527816414498	300	8.039824762657421	0.0	128420	1180.1470761148428	0.9	-0.6000000000000001
524.7056561755667	750	9.58695022854055	0.0	236446	2452.874534116871	0.45	0.3
532.2582578727473	1200	6.034348531359863	0.0	667775	7552.601697180688	0.45	0.75
534.772320614796	300	7.52028578931129	0.0	161516	2514.062742048573	0.9	-0.6000000000000001
539.8771287949287	750	6.415477609178475	0.0	382374	5104.808180132815	0.45	0.3
542.1556992341134	300	8.136907169993739	0.0	161603	2278.5704391847366	0.45	-0.15000000000000002
550.8439497598769	750	4.0	0.5513433557696199	339905	8688.250525763358	0.45	-5.2134335576962
556.2013071213478	300	4.0	1.3573573614708958	139365	5357.357361470896	0.45	-13.723573614708958
562.9411277736631	300	4.0	2.7398206523153066	178996	6739.820652315307	0.0	-27.098206523153063
568.0316870607163	300	4.0	1.090559287053281	144037	5090.559287053281	0.0	-10.60559287053281
573.1163268462864	300	4.0	1.084639785570088	181068	5084.639785570088	0.0	-10.54639785570088
578.6839637588216	300	4.0	1.567636912535203	178742	5567.636912535203	0.0	-15.37636912535203

