10705.168026473026	300	4.0	0.7605251444486205	134752	760.5251444486205	0.0	-7.305251444486205
10705.757748654176	300	7.41027781884986	0.0	100931	589.7221811501404	0.0	0.3
10707.00427859932	300	10.163747873705793	0.0	161324	1246.529945144067	0.0	0.3
10708.016990232396	300	13.151036240629042	0.0	185986	1012.7116330767517	0.0	0.3
10708.845056463899	300	16.322970009126447	0.0	153491	828.0662315025954	0.0	0.3
10710.638232952822	750	18.529793520202645	0.0	379669	1793.1764889238023	0.45	0.3
10713.411089454448	1200	19.756937018577432	0.0	597133	2772.856501625214	0.45	0.75
10720.241578762809	1850	16.92644771021732	0.0	854508	6830.48930836011	0.65	1.2000000000000002
10729.207354391332	1850	11.96067208169264	0.0	958136	8965.775628524681	0.0	1.85
10735.542385846773	1850	9.625640626251796	0.0	1052035	6335.031455440845	0.0	1.85
10738.342985043171	1200	10.825041429852245	0.0	512467	2800.5991963995507	0.65	0.5499999999999999
10740.777168100654	1200	12.390858372369165	0.0	512764	2434.18305748308	0.0	1.2
10744.506777219918	1200	12.661249253106067	0.0	798076	3729.6091192630984	0.0	1.2
10746.564152426381	750	14.603874046642252	0.0	432887	2057.3752064638156	0.45	0.3
10749.336611294655	750	15.831415178368232	0.0	468278	2772.4588682740186	0.0	0.75
10752.67047154618	750	16.497554926843137	0.0	350673	3333.8602515250946	0.0	0.75
10755.687265030463	750	17.48076144256148	0.0	313909	3016.7934842816558	0.0	0.75
10758.664251762391	750	18.50377471063187	0.0	412433	2976.9867319296077	0.0	0.75
10761.196578293202	750	19.971448179821053	0.0	385116	2532.326530810817	0.0	0.75
10764.178332345624	1200	20.989694127399044	0.0	583475	2981.7540524220076	0.45	0.75
10774.337084810428	1200	14.830941662594222	0.0	770303	10158.752464804822	0.0	1.2
10779.637656390754	1200	13.530370082268815	0.0	558018	5300.571580325408	0.0	1.2
10781.738055703929	750	15.429970769095448	0.0	221946	2100.399313173368	0.45	0.3
10785.809442859203	750	15.358583613822383	0.0	359492	4071.387155273066	0.0	0.75
10788.5510914549	750	16.616935018126213	0.0	411585	2741.6485956961683	0.0	0.75
10789.618103275647	300	19.549923197378497	0.0	141082	1067.0118207477158	0.45	-0.15000000000000002
10790.740188148	300	22.427838325026556	0.0	143746	1122.0848723519427	0.0	0.3
10791.888376718036	300	25.27964975498864	0.0	181361	1148.188570037917	0.0	0.3
10792.946114664204	300	28.221911808820874	0.0	154044	1057.7379461677672	0.0	0.3
10795.819772693894	750	29.348253779130207	0.0	439591	2873.658029690668	0.45	0.3
10799.429358567648	1200	29.738667905376545	0.0	581068	3609.5858737536614	0.45	0.75
10804.510151410199	1200	28.657875062824715	0.0	709814	5080.792842551828	0.0	1.2
10812.428115984312	1850	24.739910488713218	0.0	1092258	7917.964574111498	0.65	1.2000000000000002
10819.250921669576	1850	21.917104803447465	0.0	921262	6822.805685265748	0.0	1.85
10825.182107207846	1850	19.985919265178744	0.0	813933	5931.185538268722	0.0	1.85
10832.305284919463	1850	16.86274155356154	0.0	1034468	7123.177711617204	0.0	1.85
10841.4866567133	1200	11.68136975972432	0.0	566795	9181.371793837221	0.65	0.5499999999999999
10849.148347341545	1200	8.019679131478165	0.0	536446	7661.690628246154	0.0	1.2
10853.35277536163	750	7.815251111391444	0.0	367775	4204.4280200867215	0.45	0.3
10856.8015010657	750	8.366525407322722	0.0	391562	3448.7257040687214	0.0	0.75
10858.093189246074	300	11.07483722694953	0.0	161042	1291.6881803731928	0.45	-0.15000000000000002
10859.30658068511	300	13.861445787912325	0.0	161603	1213.391439037205	0.0	0.3
10861.423364720842	750	15.744661752180656	0.0	339905	2116.7840357316695	0.45	0.3
10865.831365945667	1200	15.336660527355855	0.0	777065	4408.001224824802	0.45	0.75
10869.669943294874	1200	15.498083178149525	0.0	786670	3838.5773492063295	0.0	1.2
10874.804833865746	1850	14.363192607275229	0.0	1079573	5134.890570874296	0.65	1.2000000000000002
10878.78304334487	1850	14.384983128151518	0.0	903693	3978.209479123711	0.0	1.85
10883.668663453362	1850	13.49936301966158	0.0	956943	4885.6201084899385	0.0	1.85

