4608.1319830602215	300	4.0	0.6783704929794913	134752	678.3704929794912	0.0	-6.4837049297949125
4608.660170339274	300	7.471812720947273	0.0	100931	528.1872790527268	0.0	0.3
4609.994654749987	300	10.13732831023524	0.0	161324	1334.4844107120334	0.0	0.3
4611.487593295691	300	12.64438976453049	0.0	185986	1492.9385457047476	0.0	0.3
4612.390662046374	300	15.74132101384863	0.0	153491	903.0687506818616	0.0	0.3
4613.108666122056	300	19.0233169381662	0.0	150777	718.0040756824316	0.0	0.3
4613.769792784526	300	22.362190275697177	0.0	148597	661.1266624690244	0.0	0.3
4614.441167229721	300	25.690815830501524	0.0	161722	671.3744451956507	0.0	0.3
4615.229463928147	300	28.902519132075238	0.0	197133	788.2966984262863	0.0	0.3
4617.921285506013	750	30.21069755420982	0.0	452035	2691.8215778654203	0.45	0.3
4618.947852205394	750	33.18413085482872	0.0	212467	1026.5666993811021	0.0	0.75
4621.283402697737	1200	34.84858036248514	0.0	512764	2335.5504923435797	0.45	0.75
4624.720133073877	1200	35.41184998634513	0.0	798076	3436.7303761400117	0.0	1.2
4628.042206658748	1200	36.08977640147448	0.0	732887	3322.0735848706445	0.0	1.2
4631.892172159533	1200	36.23981090068947	0.0	768278	3849.965500785018	0.0	1.2
4635.498947885918	1200	36.63303517430485	0.0	650673	3606.775726384613	0.0	1.2
4638.5943462290015	1200	37.537636831220084	0.0	613909	3095.3983430847657	0.0	1.2
4642.912201720628	1200	37.21978133959419	0.0	712433	4317.855491625896	0.0	1.2
4646.442599577322	1200	37.68938348290079	0.0	685116	3530.397856693401	0.0	1.2
4649.1520661444165	1200	38.979916915805916	0.0	583475	2709.4665670948775	0.0	1.2
4652.966993937872	1200	39.164989122350185	0.0	770303	3814.927793455729	0.0	1.2
4655.695264181276	1200	40.43671887894598	0.0	558018	2728.270243404199	0.0	1.2
4658.382098624002	1200	41.74988443622017	0.0	521946	2686.8344427258126	0.0	1.2
4661.710077932672	1200	42.421905127550126	0.0	659492	3327.9793086700424	0.0	1.2
4665.0398093001095	1200	43.09217376011238	0.0	711585	3329.7313674377465	0.0	1.2
4668.0519715921255	1200	44.08001146809698	0.0	692588	3012.162292015407	0.0	1.2
4670.707973689704	1200	45.42400937051852	0.0	561042	2656.0020975784564	0.0	1.2
4674.2327634642825	1200	45.89921959594023	0.0	670437	3524.789774578292	0.0	1.2
4677.239745828078	1200	46.89223723214412	0.0	675109	3006.9823637961103	0.0	1.2
4682.078707687283	1200	46.05327537293976	0.0	739591	4838.961859204361	0.0	1.2
4685.061685524778	1200	47.07029753544463	0.0	581068	2982.9778374951297	0.0	1.2
4688.68836078483	1200	47.44362227539264	0.0	709814	3626.6752600519894	0.0	1.2
4696.758467186741	1850	43.373515873483015	0.0	1092258	8070.10640190962	0.65	1.2000000000000002
4703.774254706305	1850	40.3577283539178	0.0	921262	7015.787519565216	0.0	1.85
4708.784246635479	1850	39.34773642474436	0.0	813933	5009.9919291734395	0.0	1.85
4713.327604223841	1850	38.804378836382334	0.0	1034468	4543.35758836203	0.0	1.85
4717.68403933485	1850	38.44794372537254	0.0	866795	4356.435111009794	0.0	1.85
4721.286314192779	1850	38.84566886744366	0.0	836446	3602.274857928876	0.0	1.85
4726.935734991716	2850	37.1962480685064	0.0	1221262	5649.4207989372635	1.0	1.85
4732.030781839071	2850	36.10120122115182	0.0	1113933	5095.046847354583	0.0	2.85
4740.939932687796	2850	31.192050372426888	0.0	1334468	8909.150848724927	0.0	2.85
4752.37812210204	2850	23.75386095818243	0.0	1691083	11438.189414244463	0.0	2.85
4762.792258985046	1850	17.339724075176065	0.0	939905	10414.136883006362	1.0	0.8500000000000001
4773.330652785592	1850	10.801330274631008	0.0	1077065	10538.393800545058	0.0	1.85
4781.483878851591	1200	6.648104208631743	0.0	786670	8153.226065999264	0.65	0.5499999999999999
4785.6412827517715	750	6.490700308450891	0.0	479573	4157.403900180852	0.45	0.3
4787.07282232744	300	9.05916073278327	0.0	181068	1431.539575667619	0.45	-0.15000000000000002
4788.113551247812	300	12.01843181241113	0.0	178742	1040.7289203721407	0.0	0.3

