3748.395350595622	300	4.0	1.0315708055956516	134752	1031.5708055956516	0.0	-10.015708055956516
3749.1880895010154	300	7.207261094606576	0.0	100931	792.7389053934244	0.0	0.3
3750.6234170083994	300	9.771933587222614	0.0	161324	1435.3275073839625	0.0	0.3
3751.8941514201156	300	12.50119917550649	0.0	185986	1270.734411716124	0.0	0.3
3752.9195063470956	300	15.475844248526409	0.0	153491	1025.354926980081	0.0	0.3
3753.9734017296205	300	18.421948866001273	0.0	150777	1053.895382525135	0.0	0.3
3755.122187129832	300	21.27316346578965	0.0	148597	1148.7854002116203	0.0	0.3
3756.682249619368	300	23.713100976253973	0.0	161722	1560.0624895356782	0.0	0.3
3760.7304454901123	300	23.664905105509675	0.0	197133	4048.195870744297	0.0	0.3
3764.8002496627873	300	23.59510093283465	0.0	154508	4069.8041726750243	0.0	0.3
3768.0676767466443	300	24.327673848977113	0.0	127064	3267.4270838575403	0.0	0.3
3770.8607656837376	300	25.53458491188412	0.0	106819	2793.088937092989	0.0	0.3
3774.8075211638215	300	25.587829431799893	0.0	167782	3946.75548008423	0.0	0.3
3777.8571228962564	300	26.53822769936522	0.0	176784	3049.601732434673	0.0	0.3
3780.390024892216	300	28.00532570340558	0.0	127732	2532.90199595964	0.0	0.3
3786.5765144152488	750	25.81883618037311	0.0	350673	6186.489523032469	0.45	0.3
3792.378071286661	750	24.017279308960795	0.0	313909	5801.556871412315	0.0	0.75
3795.2976794724514	300	25.09767112317052	0.0	158473	2919.608185790275	0.45	-0.15000000000000002
3802.71652758859	750	21.678823007032005	0.0	385116	7418.848116138512	0.45	0.3
3803.9388517111233	300	24.456498884498682	0.0	112764	1222.3241225333215	0.45	-0.15000000000000002
3805.508288527212	300	26.88706206841047	0.0	139768	1569.436816088214	0.0	0.3
3807.4326930965353	300	28.962657499086784	0.0	109931	1924.4045693236837	0.0	0.3
3810.48238930173	750	29.912961293891552	0.0	221946	3049.6962051952337	0.45	0.3
3816.06045368256	750	28.334896913062074	0.0	359492	5578.064380829476	0.0	0.75
3820.545396719087	750	27.849953876535075	0.0	411585	4484.943036527004	0.0	0.75
3824.2174327860803	750	28.177917809541817	0.0	392588	3672.0360669932575	0.0	0.75
3826.698827424674	750	29.696523170947657	0.0	261042	2481.3946385941595	0.0	0.75
3830.8888398553763	750	29.50651074024557	0.0	370437	4190.012430702087	0.0	0.75
3835.6310028235553	750	28.764347772066497	0.0	375109	4742.162968179072	0.0	0.75
3840.4754006715098	750	27.919949924112444	0.0	439591	4844.397847954055	0.0	0.75
3845.9140967331045	1200	26.48125386251775	0.0	581068	5438.696061594692	0.45	0.75
3852.670302579553	1200	23.72504801606906	0.0	709814	6756.205846448692	0.0	1.2
3857.654313271425	750	22.741037324197322	0.0	492258	4984.01069187174	0.45	0.3
3861.090361928495	750	23.304988667127496	0.0	321262	3436.0486570698276	0.0	0.75
3863.2549389273117	750	25.140411668310747	0.0	213933	2164.5769988167485	0.0	0.75
3867.8115637198416	750	24.58378687578081	0.0	434468	4556.624792529934	0.0	0.75
3869.1120077882615	300	27.283342807360967	0.0	128420	1300.4440684198426	0.45	-0.15000000000000002
3871.84944941537	300	28.545901180251843	0.0	176603	2737.4416271091263	0.0	0.3
3874.9225716846577	300	29.47277891096443	0.0	180513	3073.1222692874153	0.0	0.3
3878.9802167728944	300	29.41513382272785	0.0	161516	4057.645088236579	0.0	0.3
3881.1195644327836	300	31.27578616283889	0.0	161042	2139.3476598889606	0.0	0.3
3883.681157791853	300	32.71419280376939	0.0	161603	2561.5933590694985	0.0	0.3
3886.3828712671634	300	34.01247932845895	0.0	121636	2701.713475310438	0.0	0.3
3888.4485703017385	300	35.94678029388342	0.0	139365	2065.6990345755307	0.0	0.3
3890.6873285475685	300	37.70802204805349	0.0	178996	2238.758245829926	0.0	0.3
3892.3627597521368	300	40.032590843485465	0.0	144037	1675.4312045680283	0.0	0.3
3894.761774244624	750	41.63357635099779	0.0	303693	2399.014492487671	0.45	0.3
3900.2723344080623	1200	40.12301618755938	0.0	656943	5510.560163438414	0.45	0.75

