5241.363569273309	300	4.0	1.3207986346409821	134752	1320.798634640982	0.0	-12.907986346409821
5245.313863122916	750	4.049706150393423	0.0	332003	3950.293849606577	0.45	0.3
5248.887407234171	300	4.476162039137875	0.0	161324	3573.544111255548	0.45	-0.15000000000000002
5254.739160508888	300	4.0	1.375591235578696	185986	5851.753274716571	0.0	-13.455912355786959
5258.871625518953	300	4.0	0.13246501006457764	153491	4132.465010064578	0.0	-1.0246501006457764
5262.442411711279	300	4.429213807673151	0.0	150777	3570.7861923268483	0.0	0.3
5265.472419930417	300	5.3992055885350485	0.0	148597	3030.0082191381034	0.0	0.3
5269.591642441339	300	5.279983077612926	0.0	161722	4119.222510922122	0.0	0.3
5273.979344381399	300	4.892281137552848	0.0	197133	4387.701940060078	0.0	0.3
5278.900314104781	300	4.0	0.028688585829545445	154508	4920.969723382394	0.0	0.013114141704545557
5283.867668506248	300	4.0	0.9673544014670197	127064	4967.35440146702	0.0	-9.373544014670196
5287.176943750201	300	4.690724756047178	0.0	106819	3309.275243952822	0.0	0.3
5290.312824091926	300	5.554844414321566	0.0	167782	3135.8803417256127	0.0	0.3
5292.9087503605415	300	6.958918145706618	0.0	176784	2595.9262686149477	0.0	0.3
5294.201210672127	300	9.666457834120607	0.0	127732	1292.4603115860107	0.0	0.3
5297.062564951953	300	10.80510355429441	0.0	164342	2861.3542798261965	0.0	0.3
5300.173577103723	300	11.694091402524727	0.0	154205	3111.012151769682	0.0	0.3
5302.079730920173	300	13.787937586075603	0.0	158473	1906.1538164491242	0.0	0.3
5303.056949739062	300	16.81071876718622	0.0	112467	977.2188188893807	0.0	0.3
5303.916758070341	300	19.950910435907556	0.0	112764	859.8083312786619	0.0	0.3
5308.149325909753	750	19.718342596494256	0.0	470303	4232.5678394133	0.45	0.3
5310.368845182344	750	21.498823323904265	0.0	258018	2219.519272589994	0.0	0.75
5311.729234691943	300	24.13843381430494	0.0	135932	1360.3895095993248	0.45	-0.15000000000000002
5312.919121387541	300	26.948547118707115	0.0	106134	1189.886695597822	0.0	0.3
5314.070176731296	300	29.79749177495213	0.0	119601	1151.055343754985	0.0	0.3
5315.35975898719	300	32.50790951905851	0.0	141082	1289.5822558936231	0.0	0.3
5316.542887985852	300	35.32478052039599	0.0	143746	1183.1289986625234	0.0	0.3
5317.7466716419285	300	38.120996864319366	0.0	181361	1203.7836560766245	0.0	0.3
5319.07880102554	300	40.78886748070773	0.0	154044	1332.1293836116415	0.0	0.3
5329.381765546742	750	34.485902959505204	0.0	439591	10302.96452120252	0.45	0.3
5335.989595819891	750	31.87807268635531	0.0	281068	6607.830273149896	0.0	0.75
5339.507494660301	300	32.36017384594525	0.0	147805	3517.8988404100614	0.45	-0.15000000000000002
5342.457526838176	300	33.41014166807011	0.0	163354	2950.0321778751454	0.0	0.3
5343.683199623188	300	36.18446888305851	0.0	108159	1225.672785011602	0.0	0.3
5345.620902752382	300	38.24676575386474	0.0	158018	1937.70312919377	0.0	0.3
5347.2825503475	300	40.58511815874722	0.0	121946	1661.6475951175196	0.0	0.3
5350.4169891980855	750	41.45067930816086	0.0	266795	3134.4388505863712	0.45	0.3
5353.029843663335	750	42.83782484291196	0.0	236446	2612.8544652488995	0.0	0.75
5359.295396991781	1200	40.57227151446596	0.0	667775	6265.553328445999	0.45	0.75
5363.959046665492	1200	39.908621840755025	0.0	691562	4663.649673710933	0.0	1.2
5368.895821580383	1200	38.97184692586352	0.0	682374	4936.774914891508	0.0	1.2
5376.439815674273	1200	35.427852831973745	0.0	504922	7543.99409388977	0.0	1.2
5380.430848896468	1200	35.43681960977808	0.0	639905	3991.0332221956724	0.0	1.2
5383.046111936547	750	36.82155656969894	0.0	477065	2615.263040079133	0.45	0.3
5385.910025867429	750	37.95764263881686	0.0	486670	2863.9139308820904	0.0	0.75
5391.513982617259	1200	36.35368588898672	0.0	779573	5603.956749830139	0.45	0.75
5397.6685871486425	1850	34.199081357603745	0.0	903693	6154.604531382968	0.65	1.2000000000000002
5403.749429875083	1850	32.11823863116326	0.0	956943	6080.842726440489	0.0	1.85

