15080.473061559804	750	4.0	4.64457780662941	496896	4644.577806629411	0.0	-45.6957780662941
15081.418992277799	300	7.054069282004586	0.0	100931	945.9307179954142	0.45	-0.15000000000000002
15085.028268352664	750	7.444793207139917	0.0	417058	3609.276074864669	0.45	0.3
15088.234416448491	750	8.238645111313096	0.0	450960	3206.148095826822	0.0	0.75
15089.927794033341	750	10.545267526462329	0.0	253491	1693.3775848507664	0.0	0.75
15095.358439689728	1200	9.114621870075752	0.0	679669	5430.645656386578	0.45	0.75
15099.768187921818	1200	8.704873637984958	0.0	597133	4409.748232090792	0.0	1.2
15101.837871008524	750	10.635190551280255	0.0	254508	2069.683086704704	0.45	0.3
15107.960348364128	1200	8.512713195675104	0.0	658136	6122.4773556051505	0.45	0.75
15111.970902181634	750	8.502159378168653	0.0	452035	4010.5538175064494	0.45	0.3
15113.696428268	750	10.77663329180251	0.0	212467	1725.5260863661438	0.0	0.75
15117.919484246117	1200	10.553577313686425	0.0	512764	4223.055978116085	0.45	0.75
15123.9422790725	1200	8.530782487301783	0.0	798076	6022.794826384641	0.0	1.2
15126.410234493673	750	10.062827066129907	0.0	432887	2467.9554211718764	0.45	0.3
15131.895449045236	1200	8.577612514566766	0.0	768278	5485.21455156314	0.45	0.75
15134.62577080841	750	9.847290751392473	0.0	350673	2730.3217631742928	0.45	0.3
15139.384689211634	1200	9.088372348168203	0.0	613909	4758.918403224271	0.45	0.75
15145.288400273184	1200	7.184661286618278	0.0	712433	5903.711061549925	0.0	1.2
15148.54327612033	750	7.929785439474398	0.0	385116	3254.8758471438796	0.45	0.3
15151.590057381934	750	8.883004177870589	0.0	283475	3046.781261603809	0.0	0.75
15155.622905786262	750	8.85015577354121	0.0	470303	4032.8484043293793	0.0	0.75
15158.003858116828	750	10.469203442976118	0.0	258018	2380.9523305650914	0.0	0.75
15164.364437798704	1200	8.108623761101528	0.0	521946	6360.579681874591	0.45	0.75
15172.378232954901	750	4.0948286049043805	0.0	359492	8013.795156197147	0.45	0.3
15174.104969319125	300	6.368092240679638	0.0	119601	1726.7363642247428	0.45	-0.15000000000000002
15176.711592227119	300	7.7614693326876605	0.0	141082	2606.622907991978	0.0	0.3
15181.029037275348	750	7.444024284458004	0.0	261042	4317.445048229657	0.45	0.3
15186.989752394204	750	5.483309165603004	0.0	370437	5960.715118854999	0.0	0.75
15189.154663947766	300	7.318397612041575	0.0	154044	2164.91155356143	0.45	-0.15000000000000002
15193.025804626379	750	7.447256933427452	0.0	439591	3871.140678614123	0.45	0.3
15194.875038222299	750	9.59802333750889	0.0	281068	1849.2335959185618	0.0	0.75
15200.38125340237	1200	8.091808157438388	0.0	709814	5506.215180070501	0.45	0.75
15203.52790825283	750	8.945153306977652	0.0	492258	3146.6548504607363	0.45	0.3
15205.466085933596	750	11.006975626211897	0.0	321262	1938.1776807657557	0.0	0.75
15211.37826993335	1850	9.094791626457257	0.0	813933	5912.18399975464	1.1	0.75
15216.253897222217	1200	8.219164337589588	0.0	734468	4875.6272888676685	0.65	0.5499999999999999
15218.103560348334	750	10.369501211472686	0.0	266795	1849.6631261169005	0.45	0.3
15221.73705806497	1200	10.73600349483756	0.0	536446	3633.4977166351273	0.45	0.75
15228.779685109006	1200	7.6933764508005815	0.0	667775	7042.627044036978	0.0	1.2
15232.94219016429	750	7.530871395516287	0.0	391562	4162.505055284295	0.45	0.3
15236.07413014356	750	8.398931416247652	0.0	382374	3131.939979268634	0.0	0.75
15237.68033286689	750	10.792728692915272	0.0	204922	1606.202723332381	0.0	0.75
15243.281094343007	1200	9.191967216798199	0.0	639905	5600.761476117074	0.45	0.75
15252.220575641022	1200	4.252485918781073	0.0	777065	8939.481298017126	0.0	1.2
15253.98914201075	300	6.483919549054035	0.0	178996	1768.5663697270372	0.9	-0.6000000000000001
15255.381130318086	300	9.091931241716892	0.0	144037	1391.9883073371425	0.0	0.3
15259.3679806463	1200	9.1050809135024	0.0	603693	3986.850328214493	0.9	0.29999999999999993
15263.159525740888	1200	9.313535818914579	0.0	656943	3791.5450945878206	0.0	1.2

