16776.35093854168	300	4.0	1.2172273801730016	134752	1217.2273801730016	0.0	-11.872273801730016
16777.299488111505	300	7.051450430175602	0.0	100931	948.5495698243985	0.0	0.3
16779.4749567482	300	8.875981793479339	0.0	161324	2175.4686366962633	0.0	0.3
16784.713720370102	750	7.637218171573686	0.0	450960	5238.763621905653	0.45	0.3
16790.92965420405	750	5.4212843376228514	0.0	253491	6215.933833950835	0.0	0.75
16798.193194094507	750	4.0	1.8422555528300282	379669	7263.539890452879	0.0	-17.672555528300283
16801.086680911434	300	5.1065131830737025	0.0	148597	2893.486816926297	0.45	-0.15000000000000002
16804.10903065976	300	6.084163434745316	0.0	161722	3022.3497483283863	0.0	0.3
16808.847858514826	300	5.345335579680088	0.0	197133	4738.8278550652285	0.0	0.3
16814.345283651983	300	4.0	0.15208955747302297	154508	5497.425137153111	0.0	-1.2208955747302297
16817.33695193918	300	5.00833171280139	0.0	127064	2991.6682871986104	0.0	0.3
16819.514737743822	300	6.830545908160497	0.0	106819	2177.7858046408933	0.0	0.3
16833.945818556036	750	4.0	7.6005349040570565	498076	14431.080812217553	0.45	-75.70534904057057
16837.6134627913	300	4.33235576473657	0.0	176784	3667.6442352634303	0.45	-0.15000000000000002
16838.558896865	300	7.386921691039104	0.0	127732	945.4340736974656	0.0	0.3
16839.589869485877	300	10.355949070160003	0.0	164342	1030.972620879102	0.0	0.3
16840.458869573456	300	13.486948982582563	0.0	154205	869.0000875774394	0.0	0.3
16841.29065675116	300	16.65516180487971	0.0	158473	831.7871777028517	0.0	0.3
16841.88914628931	300	20.056672266729212	0.0	112467	598.489538150495	0.0	0.3
16842.50939723394	300	23.436421322102465	0.0	112764	620.2509446267478	0.0	0.3
16843.296810680677	300	26.64900787536304	0.0	139768	787.4134467394266	0.0	0.3
16843.929357576224	300	30.01646097981285	0.0	109931	632.546895550188	0.0	0.3
16845.148228752918	750	32.79758980311956	0.0	221946	1218.8711766932959	0.45	0.3
16845.789904465655	300	36.15591409038211	0.0	106134	641.6757127374401	0.45	-0.15000000000000002
16846.45732084049	300	39.488497715550956	0.0	119601	667.4163748311576	0.0	0.3
16848.00154163388	750	41.94427692216093	0.0	392588	1544.2207933900231	0.45	0.3
16850.547869904287	1200	43.397948651753005	0.0	561042	2546.328270407932	0.45	0.75
16854.208790180306	1200	43.73702837573397	0.0	670437	3660.92027601903	0.0	1.2
16857.729486873035	1200	44.21633168300633	0.0	675109	3520.6966927276394	0.0	1.2
16865.015247486404	1850	40.93057106963659	0.0	1039591	7285.760613369738	0.65	1.2000000000000002
16872.2353456675	1850	37.71047288854279	0.0	881068	7220.098181093801	0.0	1.85
16880.803153121207	1850	33.14266543483596	0.0	1009814	8567.80745370683	0.0	1.85
16889.778020862115	1850	28.16779769392915	0.0	1092258	8974.867740906811	0.0	1.85
16894.234560662288	1200	27.7112578937543	0.0	621262	4456.539800174849	0.65	0.5499999999999999
16897.835583344102	1200	28.110235211940388	0.0	513933	3601.0226818139136	0.0	1.2
16900.87454083709	750	29.071277718950675	0.0	434468	3038.9574929897135	0.45	0.3
16904.40540741692	1200	29.540411139118387	0.0	566795	3530.8665798322877	0.45	0.75
16907.25821224956	1200	30.68760630648176	0.0	536446	2852.8048326366256	0.0	1.2
16910.63047297432	1200	31.315345581719786	0.0	667775	3372.2607247619735	0.0	1.2
16914.214496561683	1200	31.73132199435578	0.0	691562	3584.0235873640045	0.0	1.2
16918.587178904218	1850	31.3586396518239	0.0	982374	4372.68234253188	0.65	1.2000000000000002
16922.033894188655	1850	31.91192436738618	0.0	804922	3446.715284437721	0.0	1.85
16928.0588451099	1850	29.886973446142406	0.0	939905	6024.950921243778	0.0	1.85
16935.594360043888	2850	26.35145851215509	0.0	1551103	7535.514933987314	1.0	1.85
16943.52813808124	2850	22.417680474800623	0.0	1792063	7933.778037354471	0.0	2.85
16948.739739892215	1850	21.206078663825654	0.0	1079573	5211.601810974966	1.0	0.8500000000000001
16951.78391362243	1200	22.161904933613958	0.0	603693	3044.173730211695	0.65	0.5499999999999999
16955.18609331341	1200	22.75972524263413	0.0	656943	3402.179690979828	0.0	1.2

