7840.519182650984	300	4.0	2.195967440581921	134752	2195.967440581921	0.0	-21.65967440581921
7842.184069775073	300	6.3351128759100135	0.0	100931	1664.8871240899866	0.0	0.3
7844.759559467215	300	7.759623183768091	0.0	161324	2575.489692141923	0.0	0.3
7845.898545906004	300	10.620636744978528	0.0	185986	1138.9864387895627	0.0	0.3
7847.874508948363	300	12.6446737026205	0.0	153491	1975.96304235803	0.0	0.3
7857.126849754316	750	7.392332896667592	0.0	379669	9252.340805952907	0.45	0.3
7858.861444097737	300	9.657738553246286	0.0	148597	1734.5943434213061	0.45	-0.15000000000000002
7861.901663647316	300	10.617519003667105	0.0	161722	3040.219549579182	0.0	0.3
7865.663447918001	300	10.855734732981551	0.0	197133	3761.784270685553	0.0	0.3
7868.500949383827	300	12.018233267155757	0.0	154508	2837.5014658257937	0.0	0.3
7870.2103476089405	300	14.30883504204229	0.0	127064	1709.398225113467	0.0	0.3
7871.055092263523	300	17.46409038746072	0.0	106819	844.7446545815718	0.0	0.3
7872.3829955762585	300	20.136187074724766	0.0	167782	1327.903312735953	0.0	0.3
7873.60937236544	300	22.909810285542843	0.0	176784	1226.3767891819211	0.0	0.3
7876.3328768053925	750	24.1863058455909	0.0	468278	2723.5044399519443	0.45	0.3
7878.811987608155	750	25.707195042828968	0.0	350673	2479.1108027619343	0.0	0.75
7880.939125207284	750	27.580057443699996	0.0	313909	2127.13759912897	0.0	0.75
7885.008413725489	1200	27.510768925494578	0.0	712433	4069.288518205421	0.45	0.75
7889.853258365271	1200	26.6659242857118	0.0	685116	4844.844639782777	0.0	1.2
7893.781341161361	1200	26.737841489622557	0.0	583475	3928.0827960892425	0.0	1.2
7901.208542807894	1850	23.31063984308911	0.0	1070303	7427.201646533449	0.65	1.2000000000000002
7904.957373870578	1850	23.561808780406118	0.0	858018	3748.8310626829903	0.0	1.85
7908.676223835912	1850	23.842958815070908	0.0	821946	3718.8499653352083	0.0	1.85
7912.3060100110515	1850	24.21317263993193	0.0	959492	3629.786175138981	0.0	1.85
7916.867756872441	1850	23.651425778542755	0.0	1011585	4561.746861389175	0.0	1.85
7923.834864771391	1850	20.684317879592008	0.0	992588	6967.107898950748	0.0	1.85
7928.037348749628	1850	20.481833901355394	0.0	861042	4202.483978236616	0.0	1.85
7934.735467018051	1850	17.78371563293302	0.0	970437	6698.118268422372	0.0	1.85
7952.529343445225	1850	4.0	0.01016079424012787	975109	17793.87642717315	0.0	1.7483920575987213
7970.424110324854	1200	4.0	13.89476687962915	739591	17894.76687962915	0.65	-138.39766879629153
7976.553944475854	750	4.0	2.129834150999992	281068	6129.834150999992	0.45	-20.998341509999918
7977.865412877376	300	6.688531598477603	0.0	147805	1311.4684015223977	0.45	-0.15000000000000002
7978.819950515022	300	9.73399396083135	0.0	163354	954.5376376462527	0.0	0.3
7979.435621201181	300	13.11832327467316	0.0	108159	615.6706861581897	0.0	0.3
7980.272170573886	300	16.28177390196865	0.0	158018	836.5493727045125	0.0	0.3
7982.537292057254	750	18.016652418601236	0.0	434468	2265.1214833674135	0.45	0.3
7985.68927200192	1200	18.864672473935418	0.0	566795	3151.9799446658176	0.45	0.75
7994.887019965108	1200	13.66692451074655	0.0	536446	9197.747963188867	0.0	1.2
7998.127955468566	750	14.425989007288624	0.0	367775	3240.9355034579253	0.45	0.3
8000.81762284663	750	15.736321629224665	0.0	391562	2689.6673780639603	0.0	0.75
8003.6870842322405	750	16.866860243614376	0.0	382374	2869.4613856102883	0.0	0.75
8005.497323925164	750	19.0566205506916	0.0	204922	1810.2396929227739	0.0	0.75
8006.552282069846	300	22.001662406009483	0.0	121636	1054.9581446821192	0.45	-0.15000000000000002
8009.70017071504	750	22.853773760814597	0.0	477065	3147.8886451948874	0.45	0.3
8013.429827380089	1200	23.12411709576628	0.0	786670	3729.656665048317	0.45	0.75
8018.832982651658	1850	21.720961824197015	0.0	1079573	5403.155271569265	0.65	1.2000000000000002
8024.752377158666	2850	19.801567317189434	0.0	1282374	5919.394507007582	1.0	1.85
8030.450049611724	2850	18.103894864131792	0.0	1104922	5697.672453057644	0.0	2.85

