8180.778589070739	300	4.0	1.7877817313165916	134752	1787.7817313165915	0.0	-17.577817313165916
8182.127838779095	300	6.650750291643569	0.0	100931	1349.2497083564303	0.0	0.3
8183.056861850902	300	9.72172721983683	0.0	161324	929.0230718067392	0.0	0.3
8184.373318938085	300	12.405270132654085	0.0	185986	1316.4570871827464	0.0	0.3
8185.902950208498	300	14.87563886224065	0.0	153491	1529.631270413435	0.0	0.3
8187.583358409307	300	17.195230661431918	0.0	150777	1680.4082008087314	0.0	0.3
8188.99493768485	300	19.783651385888827	0.0	148597	1411.5792755430894	0.0	0.3
8190.029578778342	300	22.749010292397685	0.0	161722	1034.6410934911441	0.0	0.3
8191.463781642465	300	25.314807428273927	0.0	197133	1434.2028641237578	0.0	0.3
8192.6395404823	300	28.13904858843924	0.0	154508	1175.758839834685	0.0	0.3
8194.241568948824	300	30.537020121914406	0.0	127064	1602.0284665248332	0.0	0.3
8195.761258813474	300	33.0173302572642	0.0	106819	1519.6898646502043	0.0	0.3
8198.371686269402	300	34.40690280133736	0.0	167782	2610.427455926843	0.0	0.3
8205.127347984924	750	31.651241085813595	0.0	432887	6755.661715523765	0.45	0.3
8207.799919015868	300	32.97867005486983	0.0	127732	2672.571030943767	0.45	-0.15000000000000002
8211.183501042084	300	33.59508802865491	0.0	164342	3383.5820262149177	0.0	0.3
8213.071866955124	300	35.706722115614696	0.0	154205	1888.3659130402132	0.0	0.3
8215.784443141363	300	36.994145929374746	0.0	158473	2712.5761862399513	0.0	0.3
8217.978137484279	300	38.800451586458564	0.0	112467	2193.6943429161815	0.0	0.3
8223.39605597187	750	37.382533098867235	0.0	283475	5417.918487591325	0.45	0.3
8227.679741274229	750	37.09884779650951	0.0	470303	4283.6853023577305	0.0	0.75
8229.448709960512	750	39.3298791102269	0.0	258018	1768.968686282614	0.0	0.75
8232.943362456803	1200	39.83522661393655	0.0	521946	3494.6524962903486	0.45	0.75
8235.917460485605	1200	40.86112858513346	0.0	659492	2974.098028803095	0.0	1.2
8241.816206947678	1200	38.96238212306076	0.0	711585	5898.746462072692	0.0	1.2
8245.620937921902	750	39.15765114883599	0.0	392588	3804.730974224771	0.45	0.3
8249.897037472414	1200	38.88155159832463	0.0	561042	4276.099550511361	0.45	0.75
8253.422718589298	750	39.35587048144035	0.0	370437	3525.681116884287	0.45	0.3
8256.416821088498	750	40.36176798224015	0.0	375109	2994.102499200195	0.0	0.75
8258.231795915342	300	42.54679315539675	0.0	183475	1814.9748268434032	0.45	-0.15000000000000002
8259.770364533413	300	45.00822453732534	0.0	124205	1538.5686180714074	0.0	0.3
8262.286830960493	300	46.49175811024486	0.0	147805	2516.466427080475	0.0	0.3
8266.274700470782	750	46.503888599956994	0.0	492258	3987.8695102878632	0.45	0.3
8269.202918003688	1200	47.57567106705066	0.0	621262	2928.2175329063307	0.45	0.75
8271.208393184768	1200	49.570195885969476	0.0	513933	2005.4751810811842	0.0	1.2
8276.902685222509	1850	47.8759038482296	0.0	1034468	5694.292037739881	0.65	1.2000000000000002
8283.252948662208	1850	45.52564040853024	0.0	866795	6350.263439699352	0.0	1.85
8290.980991636097	1850	41.7975974346401	0.0	836446	7728.042973890138	0.0	1.85
8299.952450195648	1850	36.8261388750904	0.0	967775	8971.458559549703	0.0	1.85
8322.182350451423	1850	18.596238619313922	0.0	991562	22229.90025577648	0.0	1.85
8343.494999715964	1200	4.0	2.716410645225973	682374	21312.649264539894	0.65	-26.61410645225973
8349.46663552303	750	4.0	1.9716358070663773	204922	5971.635807066377	0.45	-19.416358070663772
8352.954061330855	300	4.5125741921742675	0.0	121636	3487.4258078257326	0.45	-0.15000000000000002
8356.972356115839	300	4.494279407190529	0.0	139365	4018.2947849837383	0.0	0.3
8362.246520710025	300	4.0	0.779885186995035	178996	5274.164594185564	0.0	-7.498851869950349
8370.64580009552	750	4.0	4.3992793854964125	479573	8399.279385496413	0.45	-43.69279385496413
8372.579255744635	750	6.066544350885609	0.0	303693	1933.4556491143915	0.0	0.75
8374.263342915428	750	8.382457180092045	0.0	356943	1684.0871707935623	0.0	0.75

