17089.92875337154	300	4.0	1.5756027889410236	134752	1575.6027889410236	0.0	-15.456027889410235
17091.12897930578	300	6.799774065760757	0.0	100931	1200.2259342392429	0.0	0.3
17092.750997018262	300	9.177756353279365	0.0	161324	1622.0177124813936	0.0	0.3
17094.506023666152	300	11.422729705392094	0.0	185986	1755.0266478872709	0.0	0.3
17095.84459977016	300	14.084153601384493	0.0	153491	1338.5761040076022	0.0	0.3
17096.97166745074	300	16.957085920803415	0.0	150777	1127.0676805810774	0.0	0.3
17097.9944743437	300	19.93427902784236	0.0	148597	1022.8068929610561	0.0	0.3
17099.16105978937	300	22.767693582172356	0.0	161722	1166.5854456700044	0.0	0.3
17100.806076464058	300	25.122676907487556	0.0	197133	1645.0166746847997	0.0	0.3
17102.171598903748	300	27.757154467795385	0.0	154508	1365.5224396921697	0.0	0.3
17103.142625356908	300	30.78612801463744	0.0	127064	971.026453157945	0.0	0.3
17103.974370195505	300	33.954383176040714	0.0	106819	831.7448385967309	0.0	0.3
17105.385879255344	300	36.54287411620114	0.0	167782	1411.5090598395657	0.0	0.3
17106.776370672353	300	39.152382699193495	0.0	176784	1390.4914170076452	0.0	0.3
17110.462570600746	750	39.46618277079705	0.0	468278	3686.199928396454	0.45	0.3
17113.535108652537	750	40.39364471901038	0.0	350673	3072.5380517866624	0.0	0.75
17116.98796448877	750	40.94078888277689	0.0	313909	3452.8558362334907	0.0	0.75
17121.54535804358	750	40.38339532797079	0.0	412433	4557.393554806105	0.0	0.75
17126.63288823346	750	39.29586513808604	0.0	385116	5087.53018988474	0.0	0.75
17131.68758074661	750	38.241172624936205	0.0	283475	5054.692513149844	0.0	0.75
17139.54604194094	750	34.38271143060558	0.0	470303	7858.461194330623	0.0	0.75
17142.06122651306	750	35.86752685848571	0.0	258018	2515.1845721198665	0.0	0.75
17144.1306870838	750	37.79806628774236	0.0	221946	2069.460570743351	0.0	0.75
17146.83067253945	750	39.09808083209615	0.0	359492	2699.985455646208	0.0	0.75
17154.73402424186	1200	35.194729129683694	0.0	711585	7903.351702412461	0.45	0.75
17164.346843418287	1200	29.581909953258187	0.0	692588	9612.819176425506	0.0	1.2
17171.223923954734	1200	26.704829416808938	0.0	561042	6877.080536449247	0.0	1.2
17178.543460473986	1200	23.385292897557193	0.0	670437	7319.5365192517465	0.0	1.2
17187.577834937467	1200	18.350918434072927	0.0	675109	9034.374463484268	0.0	1.2
17194.68669143083	750	15.242061940711864	0.0	439591	7108.856493361063	0.45	0.3
17198.386113732577	750	15.542639638965571	0.0	281068	3699.4223017462923	0.0	0.75
17200.427664978997	300	17.50108839254573	0.0	147805	2041.551246419844	0.45	-0.15000000000000002
17207.252027142018	750	14.676726229523192	0.0	492258	6824.362163022534	0.45	0.3
17208.79631279735	300	17.132440574193325	0.0	108159	1544.2856553298661	0.45	-0.15000000000000002
17210.777636643004	300	19.151116728537758	0.0	158018	1981.323845655564	0.0	0.3
17212.548462094423	300	21.38029127712012	0.0	121946	1770.8254514176417	0.0	0.3
17214.419131420855	300	23.5096219506866	0.0	128420	1870.6693264335177	0.0	0.3
17217.44979341493	300	24.4789599566148	0.0	176603	3030.6619940717965	0.0	0.3
17220.78459248854	300	25.144160882999277	0.0	180513	3334.799073615527	0.0	0.3
17223.908878761184	300	26.019874610358915	0.0	161516	3124.2862726403614	0.0	0.3
17227.284031614003	300	26.644721757541443	0.0	161042	3375.1528528174713	0.0	0.3
17231.365329421165	300	26.56342395037535	0.0	161603	4081.297807166093	0.0	0.3
17235.073417002357	300	26.855336369184247	0.0	121636	3708.0875811911046	0.0	0.3
17237.700773195684	300	28.227980175856995	0.0	139365	2627.3561933272517	0.0	0.3
17240.961929420457	300	28.966823951085715	0.0	178996	3261.1562247712773	0.0	0.3
17244.23330385761	300	29.695449513933756	0.0	144037	3271.3744371519592	0.0	0.3
17251.81493145326	750	26.11382191828153	0.0	303693	7581.627595652224	0.45	0.3
17261.422744745345	750	20.506008626199893	0.0	356943	9607.813292081635	0.0	0.75

