5278.66935557895	300	4.0	1.3207986346409821	134752	1320.798634640982	0.0	-12.907986346409821
5279.772337487742	300	6.8970180912078	0.0	100931	1102.9819087922	0.0	0.3
5281.703570454573	300	8.96578512437712	0.0	161324	1931.232966830679	0.0	0.3
5284.837970460334	300	9.831385118616776	0.0	185986	3134.4000057603444	0.0	0.3
5289.804050966307	300	8.865304612643829	0.0	153491	4966.080505972946	0.0	0.3
5294.183191196931	300	8.48616438201875	0.0	150777	4379.140230625081	0.0	0.3
5298.043435344747	300	8.625920234202814	0.0	148597	3860.244147815934	0.0	0.3
5301.453412482377	300	9.215943096572728	0.0	161722	3409.9771376300864	0.0	0.3
5306.129756984337	300	8.539598594612864	0.0	197133	4676.344501959863	0.0	0.3
5309.714448501681	300	8.954907077268738	0.0	154508	3584.691517344126	0.0	0.3
5312.994395465548	300	9.674960113401164	0.0	127064	3279.9469638675723	0.0	0.3
5316.474221933611	300	10.195133645337886	0.0	106819	3479.8264680632774	0.0	0.3
5323.007742176851	300	7.661613402098736	0.0	167782	6533.520243239151	0.0	0.3
5326.793691553457	300	7.875664025492233	0.0	176784	3785.949376606503	0.0	0.3
5328.864618937247	300	9.804736641703458	0.0	127732	2070.927383788774	0.0	0.3
5330.953581102403	300	11.715774476545862	0.0	164342	2088.962165157597	0.0	0.3
5333.103439154543	300	13.565916424406481	0.0	154205	2149.8580521393806	0.0	0.3
5336.095823064215	300	14.573532514733813	0.0	158473	2992.383909672668	0.0	0.3
5338.401710389533	300	16.267645189415767	0.0	112467	2305.887325318049	0.0	0.3
5339.493127396289	300	19.176228182659912	0.0	112764	1091.4170067558512	0.0	0.3
5343.26516839192	750	19.404187187028683	0.0	470303	3772.040995631232	0.45	0.3
5345.745219787682	750	20.924135791267616	0.0	258018	2480.0513957610633	0.0	0.75
5346.88791975279	300	23.78143582615822	0.0	135932	1142.6999651093977	0.45	-0.15000000000000002
5347.934785248934	300	26.73457033001508	0.0	106134	1046.8654961431373	0.0	0.3
5349.1392098032975	300	29.53014577565162	0.0	119601	1204.424554363464	0.0	0.3
5350.694562044693	300	31.974793534255536	0.0	141082	1555.3522413960836	0.0	0.3
5351.975997744637	300	34.69335783431078	0.0	143746	1281.4356999447527	0.0	0.3
5353.648768924786	300	37.020586654162955	0.0	181361	1672.7711801478315	0.0	0.3
5354.596137159361	300	40.07321841958745	0.0	154044	947.3682345754994	0.0	0.3
5360.618388446395	750	38.050967132554085	0.0	439591	6022.251287033368	0.45	0.3
5367.859480146719	750	34.80987543222983	0.0	281068	7241.091700324247	0.0	0.75
5377.356825571444	750	29.312530007504947	0.0	409814	9497.34542472489	0.0	0.75
5383.96165796401	750	26.70769761493884	0.0	492258	6604.832392566106	0.0	0.75
5385.5204352901455	300	29.148920288803108	0.0	108159	1558.777326135733	0.45	-0.15000000000000002
5387.2987880284545	300	31.370567550494695	0.0	158018	1778.3527383084124	0.0	0.3
5388.543904343749	300	34.12545123520009	0.0	121946	1245.1163152946037	0.0	0.3
5392.207780688189	750	34.46157489076009	0.0	266795	3663.8763444399965	0.45	0.3
5394.326349679192	750	36.343005899756335	0.0	236446	2118.5689910037636	0.0	0.75
5398.856489067171	1200	35.81286651177719	0.0	667775	4530.139387979146	0.45	0.75
5403.606621381454	1200	35.06273419749485	0.0	691562	4750.132314282336	0.0	1.2
5412.487064120439	1200	30.18229145851	0.0	682374	8880.442738984852	0.0	1.2
5414.098357168643	750	32.57099841030596	0.0	204922	1611.2930482040417	0.45	0.3
5416.290267857963	750	34.37908772098516	0.0	339905	2191.910689320796	0.0	0.75
5419.138606629321	750	35.53074894962803	0.0	477065	2848.338771357135	0.0	0.75
5421.688696122142	750	36.98065945680659	0.0	486670	2550.0894928214298	0.0	0.75
5427.393477452334	1200	35.275878126614344	0.0	779573	5704.7813301922515	0.45	0.75
5431.373263725993	1200	35.29609185295615	0.0	603693	3979.7862736581883	0.0	1.2
5435.943792297262	1200	34.72556328168705	0.0	656943	4570.5285712691075	0.0	1.2

