15927.527734254441	300	4.0	1.9139247001089976	134752	1913.9247001089975	0.0	-18.839247001089976
15932.211766560227	750	4.0	0.6840323057853775	332003	4684.0323057853775	0.45	-6.540323057853776
15934.418455001658	300	5.793311558568633	0.0	161324	2206.688441431367	0.45	-0.15000000000000002
15938.028894345462	300	6.182872214764821	0.0	185986	3610.439343803813	0.0	0.3
15940.858080799515	300	7.353685760713452	0.0	153491	2829.186454051369	0.0	0.3
15942.529729155971	300	9.682037404257162	0.0	150777	1671.6483564562893	0.0	0.3
15944.34749044467	300	11.864276115558507	0.0	148597	1817.7612886986556	0.0	0.3
15946.76020861148	300	13.451557948747313	0.0	161722	2412.718166811194	0.0	0.3
15950.885007577814	300	13.326758982414358	0.0	197133	4124.798966332955	0.0	0.3
15952.991257616603	300	15.220508943625996	0.0	154508	2106.2500387883624	0.0	0.3
15955.043876178948	300	17.167890381280465	0.0	127064	2052.618562345533	0.0	0.3
15956.808425775953	300	19.403340784276274	0.0	106819	1764.5495970041902	0.0	0.3
15959.393910435618	300	20.817856124611158	0.0	167782	2585.48465966512	0.0	0.3
15961.699735699269	300	22.512030860960227	0.0	176784	2305.8252636509305	0.0	0.3
15963.254983662722	300	24.956782897505054	0.0	127732	1555.2479634551714	0.0	0.3
15966.65274268963	750	25.55902387059778	0.0	350673	3397.7590269072766	0.45	0.3
15969.885607671427	750	26.326158888801878	0.0	313909	3232.864981795901	0.0	0.75
15975.726241821274	750	24.485524738953696	0.0	412433	5840.63414984818	0.0	0.75
15984.657565865713	750	19.55420069451631	0.0	385116	8931.324044437384	0.0	0.75
15986.878942304522	300	21.33282425570691	0.0	112764	2221.376438809404	0.45	-0.15000000000000002
15989.511872359108	300	22.699894201120802	0.0	139768	2632.9300545861074	0.0	0.3
15991.57287495728	300	24.638891602949585	0.0	109931	2061.002598171217	0.0	0.3
15994.698772856093	300	25.512993704136985	0.0	135932	3125.897898812598	0.0	0.3
15997.257495674277	300	26.9542708859515	0.0	106134	2558.7228181854834	0.0	0.3
16000.1236293406	300	28.088137219627964	0.0	119601	2866.1336663235365	0.0	0.3
16003.467960435684	300	28.743806124543745	0.0	141082	3344.331095084217	0.0	0.3
16006.241935135045	300	29.969831425182072	0.0	143746	2773.9746993616736	0.0	0.3
16008.863357813883	300	31.34840874634447	0.0	181361	2621.422678837601	0.0	0.3
16011.615384331652	300	32.59638222857723	0.0	154044	2752.026517767241	0.0	0.3
16020.86504799753	750	27.34671856269955	0.0	439591	9249.663665877682	0.45	0.3
16026.807571816074	750	25.404194744153926	0.0	281068	5942.523818545621	0.0	0.75
16034.60821240828	750	21.60355415194705	0.0	409814	7800.640592206879	0.0	0.75
16039.470676223236	750	20.741090336989103	0.0	492258	4862.463814957946	0.0	0.75
16043.214305126427	750	20.99746143379985	0.0	321262	3743.6289031892534	0.0	0.75
16045.242181763386	300	22.96958479684007	0.0	158018	2027.876636959779	0.45	-0.15000000000000002
16047.018021873333	300	25.193744686892998	0.0	121946	1775.8401099470732	0.0	0.3
16049.219843353534	300	26.991923206691148	0.0	128420	2201.8214802018515	0.0	0.3
16053.40918292413	300	26.80258363609651	0.0	176603	4189.339570594633	0.0	0.3
16056.811129514339	300	27.40063704588727	0.0	180513	3401.9465902092397	0.0	0.3
16059.345284265451	300	28.86648229477506	0.0	161516	2534.1547511122094	0.0	0.3
16061.679171311058	300	30.53259524916787	0.0	161042	2333.887045607194	0.0	0.3
16064.28273082564	300	31.9290357345852	0.0	161603	2603.55951458267	0.0	0.3
16071.279216352375	750	28.93255020785044	0.0	339905	6996.48552673476	0.45	0.3
16079.196167459682	750	25.01559910054415	0.0	477065	7916.9511073062895	0.0	0.75
16081.597109234948	300	26.614657325277605	0.0	178996	2400.9417752665454	0.45	-0.15000000000000002
16083.487939457049	300	28.723827103175772	0.0	144037	1890.8302221018307	0.0	0.3
16085.691116754788	300	30.520649805439124	0.0	181068	2203.1772977366477	0.0	0.3
16087.719249579402	300	32.4925169808246	0.0	178742	2028.1328246145229	0.0	0.3

