4185.8825909890875	750	4.0	3.742573882500365	496896	3742.573882500365	0.0	-36.67573882500365
4186.604771023954	300	7.277819965133687	0.0	100931	722.180034866313	0.45	-0.15000000000000002
4189.427575935329	750	8.455015053758776	0.0	417058	2822.8049113749103	0.45	0.3
4196.94864802473	750	4.933942964357784	0.0	450960	7521.072089400992	0.0	0.75
4200.935336456656	300	4.947254532431306	0.0	153491	3986.688431926478	0.45	-0.15000000000000002
4204.823857243219	300	5.058733745867834	0.0	150777	3888.5207865634725	0.0	0.3
4208.608714051439	300	5.273876937647517	0.0	148597	3784.8568082203165	0.0	0.3
4211.247554924714	300	6.635036064373244	0.0	161722	2638.8408732742732	0.0	0.3
4215.140271618932	300	6.742319370154439	0.0	197133	3892.716694218805	0.0	0.3
4218.351607186626	300	7.530983802460807	0.0	154508	3211.3355676936317	0.0	0.3
4221.724722054941	750	8.157868934145563	0.0	212467	3373.1148683152433	0.45	0.3
4225.814341373933	750	8.068249615153258	0.0	212764	4089.619318992306	0.0	0.75
4235.704887114245	750	4.0	1.8222961251596916	498076	9890.54574031295	0.0	-17.472961251596917
4237.787606821795	300	5.917280292450302	0.0	176784	2082.719707549698	0.45	-0.15000000000000002
4239.193272551586	300	8.511614562659163	0.0	127732	1405.6657297911381	0.0	0.3
4244.255848989299	750	7.449038124946129	0.0	350673	5062.576437713035	0.45	0.3
4249.180108202061	750	6.524778912183731	0.0	313909	4924.259212762398	0.0	0.75
4251.248716052369	300	8.456171061875375	0.0	158473	2068.6078503083563	0.45	-0.15000000000000002
4255.34250199011	750	8.362385124134619	0.0	385116	4093.7859377407567	0.45	0.3
4257.955110579464	750	9.749776534779715	0.0	283475	2612.608589354905	0.0	0.75
4266.066151696928	1200	5.638735417316339	0.0	770303	8111.041117463375	0.45	0.75
4267.500536591467	300	8.204350522778029	0.0	109931	1434.384894538311	0.9	-0.6000000000000001
4270.345023093452	750	9.359864020791814	0.0	221946	2844.4865019862145	0.45	0.3
4276.921635183669	1200	6.783251930575151	0.0	659492	6576.612090216663	0.45	0.75
4278.163697470724	300	9.541189643520585	0.0	119601	1242.0622870545667	0.9	-0.6000000000000001
4284.801303555076	1200	6.90358355916871	0.0	692588	6637.606084351875	0.9	0.29999999999999993
4286.302496107348	300	9.40239100689617	0.0	143746	1501.1925522725405	0.9	-0.6000000000000001
4293.075139683091	1200	6.629747431153288	0.0	670437	6772.643575742883	0.9	0.29999999999999993
4294.728033061233	300	8.97685405301111	0.0	154044	1652.8933781421779	0.9	-0.6000000000000001
4299.208582468338	750	8.49630464590649	0.0	439591	4480.5494071046205	0.45	0.3
4302.2225839774555	750	9.482303136789186	0.0	281068	3014.001509117305	0.0	0.75
4313.929387786043	1200	4.0	2.2245006717981033	709814	11706.803808587289	0.45	-21.495006717981035
4316.161223619489	300	5.768164166553818	0.0	163354	2231.835833446182	0.9	-0.6000000000000001
4318.146952139532	300	7.782435646510416	0.0	108159	1985.7285200434019	0.0	0.3
4322.060928993016	750	7.868458793026115	0.0	213933	3913.9768534843015	0.45	0.3
4326.947261788093	750	6.982125997950132	0.0	434468	4886.332795075983	0.0	0.75
4328.007883142965	300	9.921504643077721	0.0	128420	1060.6213548724095	0.45	-0.15000000000000002
4332.51966977088	1200	9.40971801516263	0.0	536446	4511.786627915092	0.9	0.29999999999999993
4338.323935657714	1200	7.605452128327781	0.0	667775	5804.26588683485	0.0	1.2
4342.946552043562	750	6.982835742479485	0.0	391562	4622.616385848296	0.45	0.3
4344.754387097363	300	9.175000688679251	0.0	161042	1807.8350538002342	0.45	-0.15000000000000002
4348.978943337332	1200	8.95044444871148	0.0	504922	4224.556239967771	0.9	0.29999999999999993
4352.001063894413	750	9.928323891629145	0.0	339905	3022.120557082336	0.45	0.3
4360.335026508597	1200	5.594361277445314	0.0	777065	8333.96261418383	0.45	0.75
4361.925338823267	300	8.004048962776086	0.0	178996	1590.312314669228	0.9	-0.6000000000000001
4366.140679325884	750	7.788708460159231	0.0	479573	4215.340502616855	0.45	0.3
4369.400282324789	750	8.529105461254087	0.0	303693	3259.6029989051453	0.0	0.75
4373.269786326953	750	8.65960145908983	0.0	356943	3869.5040021642553	0.0	0.75

