16440.630270409576	300	4.0	1.352426767236084	134752	1352.4267672360838	0.0	-13.224267672360838
16441.663334601897	300	6.966935807677028	0.0	100931	1033.0641923229723	0.0	0.3
16442.91606990593	300	9.714200503646483	0.0	161324	1252.7353040305431	0.0	0.3
16446.77768019549	750	9.852590214086307	0.0	450960	3861.610289560176	0.45	0.3
16447.96446418181	300	12.665806227767932	0.0	153491	1186.7839863183744	0.45	-0.15000000000000002
16449.09318845926	300	15.537081950313647	0.0	150777	1128.7242774542858	0.0	0.3
16450.28672889061	300	18.34354151896553	0.0	148597	1193.5404313481172	0.0	0.3
16451.60788808452	300	21.022382325052696	0.0	161722	1321.1591939128343	0.0	0.3
16454.771425098483	750	21.858845311090285	0.0	358136	3163.5370139624088	0.45	0.3
16458.285271073823	750	22.344999335750252	0.0	452035	3513.845975340033	0.0	0.75
16459.797862477688	750	24.832407931886205	0.0	212467	1512.5914038640474	0.0	0.75
16460.775986880002	300	27.85428352957268	0.0	106819	978.1244023135259	0.45	-0.15000000000000002
16462.205276107874	300	30.424994301701787	0.0	167782	1429.2892278708916	0.0	0.3
16463.754290550227	300	32.87597985934988	0.0	176784	1549.0144423518964	0.0	0.3
16464.913363586267	300	35.716906823308285	0.0	127732	1159.0730360415992	0.0	0.3
16466.4561140909	300	38.17415631867671	0.0	164342	1542.750504631581	0.0	0.3
16468.019289274092	300	40.610981135484984	0.0	154205	1563.1751831917245	0.0	0.3
16469.634942059307	300	42.995328350267506	0.0	158473	1615.6527852174784	0.0	0.3
16473.083365476945	750	43.54690493263106	0.0	385116	3448.423417636449	0.45	0.3
16479.044320307527	1200	41.585950102049914	0.0	583475	5960.954830581141	0.45	0.75
16493.24474336514	1200	31.38552704443586	0.0	770303	14200.423057614056	0.0	1.2
16499.540883677608	750	29.08938673196943	0.0	258018	6296.140312466433	0.45	0.3
16503.254465970524	300	29.3758044390545	0.0	135932	3713.5822929149285	0.45	-0.15000000000000002
16505.649440529236	300	30.98082988034205	0.0	106134	2394.974558712448	0.0	0.3
16508.458594068194	300	32.17167634138372	0.0	119601	2809.1535389583278	0.0	0.3
16511.929423451176	300	32.70084695840062	0.0	141082	3470.8293829831046	0.0	0.3
16514.492706973375	300	34.13756343620263	0.0	143746	2563.2835221979926	0.0	0.3
16519.055608706643	300	33.57466170293427	0.0	181361	4562.901733268353	0.0	0.3
16523.928089121717	300	32.70218128786267	0.0	154044	4872.480415071601	0.0	0.3
16528.55442732185	300	32.07584308772813	0.0	183475	4626.338200134546	0.0	0.3
16530.436696273144	300	34.1935741364373	0.0	124205	1882.2689512908316	0.0	0.3
16532.09587382091	300	36.53439658867363	0.0	147805	1659.1775477636606	0.0	0.3
16533.674106183287	300	38.956164226294256	0.0	163354	1578.2323623793761	0.0	0.3
16534.726918346736	300	41.90335206284638	0.0	108159	1052.8121634478766	0.0	0.3
16536.583499344877	300	44.04677106470371	0.0	158018	1856.5809981426708	0.0	0.3
16538.385143614898	300	46.24512679468497	0.0	121946	1801.6442700187376	0.0	0.3
16540.689143493815	300	47.94112691576689	0.0	128420	2303.9998789180827	0.0	0.3
16547.21280496237	750	45.41746544721129	0.0	236446	6523.661468555595	0.45	0.3
16557.007946681606	750	39.6223237279763	0.0	367775	9795.141719234993	0.0	0.75
16566.768786526278	750	33.86148388330662	0.0	391562	9760.839844669681	0.0	0.75
16576.02027285964	750	28.60999754994342	0.0	382374	9251.486333363198	0.0	0.75
16578.604421686963	300	30.025848722619198	0.0	161603	2584.1488273242207	0.45	-0.15000000000000002
16581.5854427051	300	31.044827704481783	0.0	121636	2981.0210181374146	0.0	0.3
16584.29423609968	300	32.33603430990671	0.0	139365	2708.7933945750738	0.0	0.3
16587.95134235567	300	32.67892805391309	0.0	178996	3657.106255993622	0.0	0.3
16591.52243916858	300	33.107831241004156	0.0	144037	3571.096812908932	0.0	0.3
16596.459981272183	300	32.17028913740215	0.0	181068	4937.5421036020025	0.0	0.3
16600.3559031589	300	32.27436725068592	0.0	178742	3895.9218867162335	0.0	0.3

