10846.866954778978	750	4.0	2.9377162248383173	496896	2937.7162248383174	0.0	-28.627162248383172
10847.453119317375	300	7.413835461604262	0.0	100931	586.1645383957374	0.45	-0.15000000000000002
10849.480037870147	750	9.386916908831514	0.0	417058	2026.9185527727498	0.45	0.3
10852.982382881934	1200	9.884571897045713	0.0	750960	3502.3450117858015	0.45	0.75
10857.579117333578	1200	9.2878374454025	0.0	553491	4596.734451643214	0.0	1.2
10863.030328597379	1200	7.83662618160258	0.0	679669	5451.21126379992	0.0	1.2
10867.094769467365	750	7.772185311614879	0.0	297133	4064.440869987701	0.45	0.3
10868.807465114738	750	10.059489664241733	0.0	254508	1712.6956473731464	0.0	0.75
10872.872469669823	1200	9.994485109158644	0.0	658136	4065.0045550830896	0.45	0.75
10877.149573321924	1200	9.717381457057998	0.0	752035	4277.103652100646	0.0	1.2
10879.64042497815	1200	11.226529800830935	0.0	512467	2490.851656227064	0.0	1.2
10883.316325657168	1850	11.550629121812575	0.0	812764	3675.90067901836	0.65	1.2000000000000002
10889.213404102005	1850	9.653550676975483	0.0	1098076	5897.078444837093	0.0	1.85
10895.972424664244	1200	6.8945301147373526	0.0	732887	6759.02056223813	0.65	0.5499999999999999
10897.251650429556	300	9.615304349426037	0.0	127732	1279.225765311316	0.9	-0.6000000000000001
10901.447670452153	1200	9.419284326829496	0.0	650673	4196.020022596539	0.9	0.29999999999999993
10904.251459980795	1200	10.615494798188474	0.0	613909	2803.7895286410226	0.0	1.2
10914.963751160712	1200	4.0	0.09679638172835803	712433	10712.291179916832	0.0	0.23203618271641968
10916.376703331805	300	6.587047828907988	0.0	112467	1412.952171092013	0.9	-0.6000000000000001
10917.548157651658	300	9.415593509056425	0.0	112764	1171.4543198515623	0.0	0.3
10924.845784797526	1200	6.117966363186038	0.0	770303	7297.627145870388	0.9	0.29999999999999993
10925.59553723719	300	9.36821392352276	0.0	109931	749.752439663278	0.9	-0.6000000000000001
10929.182786844232	1200	9.780964316478665	0.0	521946	3587.2496070440934	0.9	0.29999999999999993
10933.467900150392	1200	9.495851010319504	0.0	659492	4285.113306159161	0.0	1.2
10937.911862998877	1200	9.05188816183477	0.0	711585	4443.962848484735	0.0	1.2
10942.923930546815	1200	8.039820613897605	0.0	692588	5012.067547937164	0.0	1.2
10944.537300984626	750	10.426450176085547	0.0	261042	1613.3704378120583	0.45	0.3
10949.037616343987	1200	9.92613481672675	0.0	670437	4500.315359358797	0.45	0.75
10955.299628517745	1200	7.66412264296882	0.0	675109	6262.012173757929	0.0	1.2
10957.96946938601	750	8.994281774704026	0.0	439591	2669.8408682647937	0.45	0.3
10960.034330103617	750	10.92942105709595	0.0	281068	2064.860717608075	0.0	0.75
10965.018830897245	1200	9.944920263467681	0.0	709814	4984.50079362827	0.45	0.75
10969.801756672043	1200	9.161994488669468	0.0	792258	4782.925774798211	0.0	1.2
10979.514681277265	1200	4.0	0.5509301165521774	621262	9712.924605221646	0.0	-4.309301165521774
10982.159815910285	300	5.354865366979742	0.0	158018	2645.134633020258	0.9	-0.6000000000000001
10983.927758454847	300	7.586922822416844	0.0	121946	1767.9425445628979	0.0	0.3
10987.650487585277	750	7.864193691988356	0.0	266795	3722.729130428489	0.45	0.3
10990.634975505087	750	8.879705772176903	0.0	236446	2984.4879198114522	0.0	0.75
10994.3636872837	750	9.15099399356419	0.0	367775	3728.7117786127133	0.0	0.75
10999.490177624331	1200	8.024503652932818	0.0	691562	5126.4903406313715	0.45	0.75
11001.82254177293	750	9.692139504334616	0.0	382374	2332.364148598202	0.45	0.3
11004.760161037562	1200	10.75452023970275	0.0	504922	2937.6192646318664	0.45	0.75
11007.948937361882	1200	11.565743915383303	0.0	639905	3188.7763243194477	0.0	1.2
11013.075525432478	1850	10.439155844787896	0.0	1077065	5126.588070595405	0.65	1.2000000000000002
11016.68920609133	1200	10.825475185932788	0.0	786670	3613.6806588551085	0.65	0.5499999999999999
11020.33443256145	1200	11.180248715813413	0.0	779573	3645.2264701193735	0.0	1.2
11025.252204774975	1850	10.26247650228839	0.0	903693	4917.772213525024	0.65	1.2000000000000002
11029.52441254648	1200	9.990268730784944	0.0	656943	4272.207771503445	0.65	0.5499999999999999

