8281.327007841022	300	4.0	1.7851941832398543	134752	1785.1941832398543	0.0	-17.551941832398544
8282.65773686915	300	6.669270971871387	0.0	100931	1330.7290281286137	0.0	0.3
8284.194108785172	300	9.132899055851032	0.0	161324	1536.3719160203543	0.0	0.3
8285.861730160575	300	11.465277680445949	0.0	185986	1667.6213754050843	0.0	0.3
8287.615720102129	750	13.711287738893287	0.0	253491	1753.989941552662	0.45	0.3
8288.922443900174	300	16.404563940847563	0.0	150777	1306.723798045723	0.45	-0.15000000000000002
8290.315954333022	300	19.01105350799987	0.0	148597	1393.5104328476914	0.0	0.3
8291.897626016234	300	21.42938182478713	0.0	161722	1581.6716832127424	0.0	0.3
8293.91998727492	300	23.40702056610228	0.0	197133	2022.3612586848521	0.0	0.3
8295.43104014615	300	25.89596769487225	0.0	154508	1511.052871230027	0.0	0.3
8296.63706806218	300	28.689939778842003	0.0	127064	1206.02791603025	0.0	0.3
8297.65573143389	300	31.67127640713271	0.0	106819	1018.6633717092961	0.0	0.3
8300.50983020484	300	32.81717763618266	0.0	167782	2854.09877095004	0.0	0.3
8304.83759483703	300	32.48941300399149	0.0	176784	4327.764632191178	0.0	0.3
8306.770688808103	300	34.556319032919895	0.0	127732	1933.0939710715936	0.0	0.3
8308.449915710802	300	36.877092130219765	0.0	164342	1679.2269027001246	0.0	0.3
8311.314822707434	750	38.01218513358742	0.0	313909	2864.9069966323414	0.45	0.3
8315.282987635883	750	38.044020205138914	0.0	412433	3968.1649284485134	0.0	0.75
8318.740637179673	750	38.58637066134829	0.0	385116	3457.649543790623	0.0	0.75
8321.410901519173	750	39.91610632184952	0.0	283475	2670.264339498774	0.0	0.75
8327.156337986198	750	38.170669854824155	0.0	470303	5745.436467025364	0.0	0.75
8328.888756488761	300	40.438251352261474	0.0	109931	1732.4185025626812	0.45	-0.15000000000000002
8330.536028125502	300	42.79097971551978	0.0	135932	1647.2716367416929	0.0	0.3
8332.012840641904	300	45.31416719911805	0.0	106134	1476.8125164017263	0.0	0.3
8334.382506167329	300	46.944501673692436	0.0	119601	2369.66552542562	0.0	0.3
8337.428876231863	300	47.89813160915943	0.0	141082	3046.3700645330123	0.0	0.3
8338.967099189798	300	50.35990865122296	0.0	143746	1538.2229579364655	0.0	0.3
8342.069278278235	750	51.257729562785755	0.0	370437	3102.1790884372094	0.45	0.3
8346.820258900994	1200	50.50674894002628	0.0	675109	4750.980622759475	0.45	0.75
8353.4836549567	1200	47.84335288431938	0.0	739591	6663.396055706904	0.0	1.2
8359.21015570484	1200	46.11685213618	0.0	581068	5726.500748139374	0.0	1.2
8366.415787009284	1200	42.9112208317358	0.0	709814	7205.631304444209	0.0	1.2
8377.117455619298	1200	36.209552221721374	0.0	792258	10701.668610014423	0.0	1.2
8388.637986710135	1200	28.689021130885592	0.0	621262	11520.531090835779	0.0	1.2
8393.77986763481	1200	27.547140206210347	0.0	513933	5141.880924675245	0.0	1.2
8399.91747849054	1200	25.409529350480422	0.0	734468	6137.610855729925	0.0	1.2
8404.796042505124	1200	24.530965335895992	0.0	566795	4878.564014584431	0.0	1.2
8406.627384552108	750	26.69962328891194	0.0	236446	1831.34204698405	0.45	0.3
8409.26378344368	750	28.063224397340758	0.0	367775	2636.398891571184	0.0	0.75
8414.359207054578	1200	26.967800786443718	0.0	691562	5095.42361089704	0.45	0.75
8416.84913425865	750	28.477873582370833	0.0	382374	2489.927204072881	0.45	0.3
8418.385318208246	750	30.94168963277585	0.0	204922	1536.1839495949812	0.0	0.75
8423.038737027817	1200	30.28827081320423	0.0	639905	4653.41881957162	0.45	0.75
8428.080248081762	1200	29.246759759258772	0.0	777065	5041.511053945459	0.0	1.2
8433.853843485069	1200	27.473164355952616	0.0	786670	5773.595403306156	0.0	1.2
8439.317328124976	1200	26.009679716045948	0.0	779573	5463.484639906672	0.0	1.2
8443.949346245929	1200	25.377661595093876	0.0	603693	4632.01812095207	0.0	1.2
8450.048709862862	1200	23.278297978160644	0.0	656943	6099.363616933231	0.0	1.2

