343.0365452801084	300	4.0	0.8116292189865839	134752	811.629218986584	0.0	-7.816292189865838
343.66454507752536	300	7.372000202583005	0.0	100931	627.999797416995	0.0	0.3
344.4318466366907	300	10.604698643417716	0.0	161324	767.3015591652884	0.0	0.3
344.99510549014997	300	14.041439789958423	0.0	185986	563.2588534592949	0.0	0.3
345.7564334865411	300	17.28011179356731	0.0	153491	761.3279963911101	0.0	0.3
347.01249651832785	300	20.02404876178054	0.0	150777	1256.0630317867694	0.0	0.3
349.3748774015603	300	21.66166787854807	0.0	148597	2362.380883232474	0.0	0.3
352.07426832114214	300	22.96227695896625	0.0	161722	2699.3909195818205	0.0	0.3
356.28515758706294	750	22.751387693045437	0.0	358136	4210.8892659208095	0.45	0.3
362.27396513214387	1200	20.762580147964506	0.0	752035	5988.807545080934	0.45	0.75
364.56264821124483	750	22.47389706886353	0.0	212467	2288.6830791009747	0.45	0.3
368.90649909332944	1200	22.130046186778976	0.0	512764	4343.8508820845545	0.45	0.75
375.44682972256845	1200	19.589715557539957	0.0	798076	6540.330629239023	0.0	1.2
380.0474385967195	750	18.98910668338892	0.0	432887	4600.6088741510375	0.45	0.3
384.53442292784655	750	18.502122352261814	0.0	468278	4486.984331127106	0.0	0.75
389.18040581993637	750	17.856139460172006	0.0	350673	4645.982892089807	0.0	0.75
392.23351870369544	750	18.80302657641295	0.0	313909	3053.112883759056	0.0	0.75
393.6506293895139	300	21.385915890594514	0.0	158473	1417.1106858184367	0.45	-0.15000000000000002
394.6794138723537	300	24.357131407754697	0.0	112467	1028.7844828398192	0.0	0.3
395.71865115117834	300	27.317894128930007	0.0	112764	1039.2372788246894	0.0	0.3
396.8711552049614	300	30.165390075147005	0.0	139768	1152.5040537829998	0.0	0.3
398.7590813502007	750	32.277463929907675	0.0	258018	1887.9261452393343	0.45	0.3
402.8848150692976	1200	32.15173021081079	0.0	521946	4125.733719096887	0.45	0.75
407.9921011610946	1200	31.04444411901379	0.0	659492	5107.286091797	0.0	1.2
413.76098325680084	1200	29.2755620233075	0.0	711585	5768.8820957062835	0.0	1.2
417.00570847174896	750	30.030836808359382	0.0	392588	3244.7252149481196	0.45	0.3
421.5233879437973	1200	29.51315733631111	0.0	561042	4517.679472048272	0.45	0.75
430.50620623190264	1850	24.530339048205718	0.0	970437	8982.81828810539	0.65	1.2000000000000002
436.7803946146424	1200	22.256150665466006	0.0	675109	6274.188382739715	0.65	0.5499999999999999
441.5846222261026	1200	21.45192305400572	0.0	739591	4804.227611460284	0.0	1.2
443.75414461592237	750	23.282400664185964	0.0	281068	2169.5223898197582	0.45	0.3
446.7641848960958	750	24.272360384012547	0.0	409814	3010.040280173416	0.0	0.75
450.49122492457917	750	24.545320355529164	0.0	492258	3727.040028483387	0.0	0.75
451.4641366339079	300	27.57240864620042	0.0	108159	972.9117093287438	0.45	-0.15000000000000002
452.8247015404486	300	30.21184373965974	0.0	158018	1360.564906540679	0.0	0.3
453.8583358194926	300	33.17820946061575	0.0	121946	1033.634279043989	0.0	0.3
455.7908181934454	750	35.245727086662946	0.0	266795	1932.4823739528015	0.45	0.3
457.2184364164065	300	37.8181088637018	0.0	176603	1427.6182229611447	0.45	-0.15000000000000002
460.485008153169	750	38.55153712693931	0.0	367775	3266.5717367624998	0.45	0.3
466.3157552982682	1200	36.720789981840156	0.0	691562	5830.747145099152	0.45	0.75
474.47393550895697	1200	32.562609771151365	0.0	682374	8158.180210688793	0.0	1.2
480.4310622105627	1200	30.60548306954562	0.0	504922	5957.126701605744	0.0	1.2
486.8011265067657	1200	28.235418773342634	0.0	639905	6370.06429620299	0.0	1.2
495.7349189677889	1200	23.301626312319417	0.0	777065	8933.792461023215	0.0	1.2
507.3645243664488	1200	15.672020913659487	0.0	786670	11629.60539865993	0.0	1.2
523.7932933903951	750	4.0	0.7567481102867514	479573	16428.76902394624	0.45	-7.267481102867514
530.2579906697121	300	4.0	2.4646972793170216	181068	6464.697279317022	0.45	-24.796972793170216
535.28694094184	300	4.0	1.0289502721280142	178742	5028.950272128014	0.0	-9.989502721280141

