4105.704439228813	300	4.0	1.7530700499468987	134752	1753.0700499468987	0.0	-17.230700499468988
4106.84841240319	300	6.856026825621562	0.0	100931	1143.9731743784375	0.0	0.3
4108.4800521799425	300	9.224387048869279	0.0	161324	1631.6397767522826	0.0	0.3
4112.263667747287	300	9.440771481524973	0.0	185986	3783.615567344307	0.0	0.3
4113.776470278248	300	11.927968950563677	0.0	153491	1512.8025309612942	0.0	0.3
4115.293676612288	300	14.410762616523	0.0	150777	1517.2063340406794	0.0	0.3
4117.263119498803	300	16.441319730009283	0.0	148597	1969.4428865137152	0.0	0.3
4119.412224627955	300	18.292214600856685	0.0	161722	2149.1051291525964	0.0	0.3
4122.07012112041	300	19.634318108401953	0.0	197133	2657.8964924547336	0.0	0.3
4124.689913507792	300	21.01452572102003	0.0	154508	2619.792387381925	0.0	0.3
4127.003583101424	300	22.700856127388498	0.0	127064	2313.6695936315296	0.0	0.3
4128.738044287473	300	24.966394941339356	0.0	106819	1734.4611860491439	0.0	0.3
4130.317282978092	300	27.387156250718935	0.0	167782	1579.2386906204238	0.0	0.3
4131.579896278054	300	30.12454295075803	0.0	176784	1262.6132999609044	0.0	0.3
4132.445554878194	300	33.25888435061727	0.0	127732	865.6586001407578	0.0	0.3
4133.634069497506	300	36.07036973130617	0.0	164342	1188.514619311102	0.0	0.3
4134.914999839108	300	38.789439389704455	0.0	154205	1280.9303416017112	0.0	0.3
4137.954972617629	750	39.749466611182896	0.0	412433	3039.972778521558	0.45	0.3
4138.842448304212	300	42.8619909246001	0.0	112467	887.4756865828008	0.45	-0.15000000000000002
4139.720390520703	300	45.984048708108396	0.0	112764	877.9422164917007	0.0	0.3
4143.069265653286	750	46.63517357552684	0.0	470303	3348.875132581552	0.45	0.3
4144.831822340447	750	48.872616888364846	0.0	258018	1762.5566871620033	0.0	0.75
4148.954929602491	1200	48.74950962632138	0.0	521946	4123.107262043467	0.45	0.75
4153.556917869552	1200	48.147521359259066	0.0	659492	4601.988267062313	0.0	1.2
4159.018719951249	1200	46.68571927756184	0.0	711585	5461.8020816972285	0.0	1.2
4164.875995736864	1200	44.82844349194763	0.0	692588	5857.275785614209	0.0	1.2
4170.5101376066405	1200	43.19430162217134	0.0	561042	5634.141869776291	0.0	1.2
4178.331795779549	1200	39.37264344926296	0.0	670437	7821.658172908383	0.0	1.2
4183.009599999426	1200	38.694839229384556	0.0	675109	4677.804219878403	0.0	1.2
4188.954852337087	1200	36.749586891724604	0.0	739591	5945.25233765995	0.0	1.2
4194.487763013327	1200	35.216676215484654	0.0	581068	5532.910676239957	0.0	1.2
4201.9376888871875	1200	31.766750341623755	0.0	709814	7449.925873860894	0.0	1.2
4209.107549210322	1200	28.596890018489358	0.0	792258	7169.860323134398	0.0	1.2
4214.805948506	1200	26.898490722810777	0.0	621262	5698.399295678582	0.0	1.2
4216.8326356082525	750	28.87180362055867	0.0	213933	2026.6871022521068	0.45	0.3
4221.744582814564	750	27.959856414246854	0.0	434468	4911.947206311814	0.0	0.75
4225.427554109242	750	28.27688511956915	0.0	266795	3682.9712946777045	0.0	0.75
4229.216468449539	750	28.4879707792715	0.0	236446	3788.914340297653	0.0	0.75
4235.865729953126	750	25.83870927568466	0.0	367775	6649.261503586838	0.0	0.75
4239.716830809138	750	25.987608419672593	0.0	391562	3851.100856012068	0.0	0.75
4243.981252367845	750	25.72318686096555	0.0	382374	4264.421558707041	0.0	0.75
4245.764214772764	300	27.94022445604652	0.0	161603	1782.9624049190313	0.45	-0.15000000000000002
4246.988321566733	300	30.716117662076183	0.0	121636	1224.1067939703346	0.0	0.3
4248.632185456019	300	33.07225377279038	0.0	139365	1643.863889285799	0.0	0.3
4250.75133936386	300	34.953099864949415	0.0	178996	2119.15390784097	0.0	0.3
4252.372258628579	300	37.33218060022929	0.0	144037	1620.9192647201214	0.0	0.3
4253.957938873665	300	39.74650035514437	0.0	181068	1585.6802450849204	0.0	0.3
4255.9142669234725	300	41.790172305336455	0.0	178742	1956.328049807918	0.0	0.3

