8027.6096701916895	750	4.0	6.845102638542835	496896	6845.102638542835	0.0	-67.70102638542835
8028.264361621439	300	7.345308570250076	0.0	100931	654.691429749924	0.45	-0.15000000000000002
8037.149409914552	750	4.0	1.5397397228630834	417058	8885.04829311316	0.45	-15.097397228630832
8040.426902841916	300	4.722507072637179	0.0	185986	3277.49292736282	0.45	-0.15000000000000002
8042.70166635092	300	6.4477435636315725	0.0	153491	2274.7635090056074	0.0	0.3
8045.679845790294	300	7.469564124257799	0.0	150777	2978.179439373774	0.0	0.3
8051.128774554302	750	6.020635360250029	0.0	297133	5448.928764007769	0.45	0.3
8052.831874860733	300	8.317535053819428	0.0	161722	1703.1003064305996	0.45	-0.15000000000000002
8055.432658433099	750	9.716751481452873	0.0	358136	2600.7835723665567	0.45	0.3
8060.095994555313	1200	9.053415359239452	0.0	752035	4663.336122213421	0.45	0.75
8063.447451252783	1200	9.701958661770306	0.0	512467	3351.456697469147	0.0	1.2
8066.4382572067325	1200	10.711152707821002	0.0	512764	2990.8059539493033	0.0	1.2
8071.926664629674	1200	9.222745284879585	0.0	798076	5488.407422941419	0.0	1.2
8076.94983169381	1200	8.199578220743845	0.0	732887	5023.167064135737	0.0	1.2
8080.870885225427	750	8.278524689126712	0.0	468278	3921.053531617133	0.45	0.3
8082.8017850952	750	10.347624819353076	0.0	350673	1930.8998697736374	0.0	0.75
8085.565935350094	1200	11.583474564458598	0.0	613909	2764.1502548944773	0.45	0.75
8090.063534624073	1850	11.085875290478684	0.0	1012433	4497.599273979912	0.65	1.2000000000000002
8093.908618828337	1850	11.24079108621492	0.0	985116	3845.084204263765	0.0	1.85
8097.689759353187	1850	11.459650561365246	0.0	883475	3781.1405248496735	0.0	1.85
8104.2710279630255	1850	8.878381951526425	0.0	1070303	6581.268609838822	0.0	1.85
8106.422667000019	750	10.726742914532693	0.0	258018	2151.639036993731	1.1	-0.3500000000000001
8108.802320347334	1200	12.347089567217441	0.0	521946	2379.6533473152513	0.45	0.75
8114.641999530075	1850	10.507410384476692	0.0	959492	5839.679182740749	0.65	1.2000000000000002
8122.278339069983	1200	6.8710708445687265	0.0	711585	7636.339539907965	0.65	0.5499999999999999
8124.89417816191	300	8.255231752641603	0.0	141082	2615.839091927124	0.9	-0.6000000000000001
8131.867484080613	750	5.281925833937741	0.0	261042	6973.305918703862	0.45	0.3
8136.564330456981	300	4.585079457569965	0.0	181361	4696.8463763677755	0.45	-0.15000000000000002
8141.152670686461	300	4.0	0.003260771909795039	154044	4588.340229479761	0.0	0.2673922809020496
8144.524784204496	300	4.627886481964848	0.0	183475	3372.1135180351516	0.0	0.3
8148.618211792361	300	4.5344588940995	0.0	124205	4093.4275878653484	0.0	0.3
8151.541609101077	300	5.611061585383694	0.0	147805	2923.3973087158065	0.0	0.3
8155.8642694069795	300	5.288401279480402	0.0	163354	4322.660305903291	0.0	0.3
8158.192441211828	300	6.960229474632181	0.0	108159	2328.171804848221	0.0	0.3
8160.076388076182	300	9.076282610278216	0.0	158018	1883.946864353965	0.0	0.3
8164.042224970024	1200	9.110445716437052	0.0	734468	3965.8368938411645	0.9	0.29999999999999993
8166.816294317257	1200	10.336376369203835	0.0	566795	2774.0693472332164	0.0	1.2
8173.582000272935	1200	7.570670413525905	0.0	536446	6765.70595567793	0.0	1.2
8179.180075728582	750	5.972594957879099	0.0	367775	5598.075455646806	0.45	0.3
8180.3834550196125	300	8.769215666848199	0.0	161516	1203.3792910309	0.45	-0.15000000000000002
8183.014710386906	750	10.137960299554834	0.0	382374	2631.255367293364	0.45	0.3
8186.847241341453	1200	10.30542934500777	0.0	504922	3832.5309545470645	0.45	0.75
8191.582090732967	1200	9.570579953493121	0.0	639905	4734.849391514647	0.0	1.2
8195.350216426023	1200	9.802454260438129	0.0	777065	3768.125693054992	0.0	1.2
8199.284037237503	1200	9.868633448956636	0.0	786670	3933.820811481493	0.0	1.2
8203.19946283858	1200	9.953207847880044	0.0	779573	3915.4256010765916	0.0	1.2
8205.832193822078	1200	11.320476864381279	0.0	603693	2632.7309834987655	0.0	1.2
8210.451517617432	1850	10.701153069027768	0.0	956943	4619.32379535351	0.65	1.2000000000000002

