18893.356787692097	750	4.0	5.140553542888157	496896	5140.553542888158	0.0	-50.65553542888157
18894.34217328693	300	7.014614405165888	0.0	100931	985.3855948341113	0.45	-0.15000000000000002
18897.404490022218	750	7.952297669876547	0.0	417058	3062.3167352893415	0.45	0.3
18900.860985581312	750	8.495802110782401	0.0	450960	3456.4955590941463	0.0	0.75
18902.819599760387	750	10.537187931708559	0.0	253491	1958.6141790738425	0.0	0.75
18908.01848509661	1200	9.338302595483993	0.0	679669	5198.885336224565	0.45	0.75
18913.170057847878	1200	8.18672984421929	0.0	597133	5151.572751264704	0.0	1.2
18916.00899823895	750	9.347789453143173	0.0	254508	2838.940391076117	0.45	0.3
18923.377801196995	1200	5.978986495097692	0.0	658136	7368.802958045482	0.45	0.75
18925.86443989713	300	7.492347794964158	0.0	154508	2486.6387001335333	0.9	-0.6000000000000001
18929.656362441838	750	7.700425250258993	0.0	212467	3791.9225447051645	0.45	0.3
18933.315033857078	750	8.041753835017829	0.0	212764	3658.671415241164	0.0	0.75
18940.416502138884	750	4.940285553210709	0.0	498076	7101.468281807121	0.0	0.75
18942.17037191049	300	7.186415781604141	0.0	176784	1753.869771606568	0.45	-0.15000000000000002
18945.81291505503	750	7.5438726370654825	0.0	468278	3642.543144538658	0.45	0.3
18948.791197967574	750	8.565589724519162	0.0	350673	2978.2829125463195	0.0	0.75
18952.894358630434	750	8.462429061657621	0.0	313909	4103.160662861541	0.0	0.75
18959.078174322913	750	6.278613369177737	0.0	412433	6183.815692479884	0.0	0.75
18960.850517119594	300	8.50627057249667	0.0	112467	1772.3427966810682	0.45	-0.15000000000000002
18964.278298863526	750	9.078488828563698	0.0	283475	3427.7817439329715	0.45	0.3
18973.361756664162	1200	4.0	0.004968972069176744	770303	9083.457800632874	0.45	0.7003102793082325
18974.62435632914	300	6.737400335019854	0.0	109931	1262.5996649801461	0.9	-0.6000000000000001
18976.18960736205	300	9.172149302112823	0.0	135932	1565.2510329070312	0.0	0.3
18983.893123929764	1200	5.468632734393617	0.0	659492	7703.516567719205	0.9	0.29999999999999993
18986.12176091349	300	7.23999575066734	0.0	119601	2228.6369837262773	0.9	-0.6000000000000001
18992.283066650016	750	5.078690014144498	0.0	392588	6161.305736522842	0.45	0.3
18994.90262758807	300	6.45912907608885	0.0	143746	2619.5609380556475	0.45	-0.15000000000000002
18997.16785563094	300	8.19390103321627	0.0	181361	2265.2280428725803	0.0	0.3
19002.348395109304	750	7.013361554853899	0.0	375109	5180.539478362371	0.45	0.3
19008.35491611048	750	5.006840553679946	0.0	439591	6006.521001173953	0.0	0.75
19009.900794526995	300	7.460962137162416	0.0	124205	1545.8784165175296	0.45	-0.15000000000000002
19015.93759221864	750	5.4241644455137425	0.0	409814	6036.797691648673	0.45	0.3
19018.963000293803	300	6.398756370353556	0.0	163354	3025.408075160187	0.45	-0.15000000000000002
19020.993196750584	300	8.368559913571044	0.0	108159	2030.1964567825135	0.0	0.3
19025.284976877363	750	8.076779786795568	0.0	213933	4291.780126775477	0.45	0.3
19036.225497842443	750	4.0	2.8637411782863293	434468	10940.520965081896	0.0	-27.887411782863293
19037.923920127167	300	6.301577715272347	0.0	128420	1698.4222847276535	0.45	-0.15000000000000002
19041.806690892965	300	6.418806949476071	0.0	176603	3882.770765796276	0.0	0.3
19046.1149244429	300	6.110573399543626	0.0	180513	4308.233549932445	0.0	0.3
19050.17032020731	300	6.055177635127704	0.0	161516	4055.3957644159223	0.0	0.3
19054.59991744858	300	5.62558039385917	0.0	161042	4429.597241268533	0.0	0.3
19059.088452484884	300	5.13704535755713	0.0	161603	4488.535036302041	0.0	0.3
19061.840461240994	300	6.385036601443	0.0	121636	2752.0087561141295	0.0	0.3
19064.40114315291	300	7.82435468952714	0.0	139365	2560.68191191586	0.0	0.3
19071.797969063908	750	4.427528778532328	0.0	486670	7396.825910994812	0.45	0.3
19073.892599874533	300	6.332897967906221	0.0	144037	2094.6308106261063	0.45	-0.15000000000000002
19076.09885122159	300	8.126646620850007	0.0	181068	2206.251347056213	0.0	0.3
19080.89189117058	750	7.333606671862902	0.0	356943	4793.039948987106	0.45	0.3

