7210.82679057923	300	4.0	2.195967440581921	134752	2195.967440581921	0.0	-21.65967440581921
7212.4916777033195	300	6.3351128759100135	0.0	100931	1664.8871240899866	0.0	0.3
7215.067167395461	300	7.759623183768091	0.0	161324	2575.489692141923	0.0	0.3
7216.2061538342505	300	10.620636744978528	0.0	185986	1138.9864387895627	0.0	0.3
7218.182116876609	300	12.6446737026205	0.0	153491	1975.96304235803	0.0	0.3
7221.935458824264	300	12.891331754964995	0.0	150777	3753.341947655504	0.0	0.3
7225.786901906853	300	13.039888672376728	0.0	148597	3851.4430825882655	0.0	0.3
7228.580397647928	300	14.246392931300708	0.0	161722	2793.49574107602	0.0	0.3
7231.672083069259	300	15.154707509969448	0.0	197133	3091.68542133126	0.0	0.3
7234.679137715053	300	16.147652864176326	0.0	154508	3007.054645793124	0.0	0.3
7237.091012914455	300	17.73577766477413	0.0	127064	2411.875199402196	0.0	0.3
7239.056662195685	300	19.770128383543064	0.0	106819	1965.649281231067	0.0	0.3
7241.004489956106	300	21.822300623122203	0.0	167782	1947.8277604208592	0.0	0.3
7242.383042587241	300	24.44374799198672	0.0	176784	1378.5526311354843	0.0	0.3
7243.356309278708	300	27.470481300520277	0.0	127732	973.266691466439	0.0	0.3
7244.441081471481	300	30.385709107747264	0.0	164342	1084.7721927730108	0.0	0.3
7246.201546260217	750	32.62524431901189	0.0	313909	1760.4647887353724	0.45	0.3
7251.082893485466	1200	31.74389709376206	0.0	712433	4881.347225249833	0.45	0.75
7255.029922046343	1200	31.796868532885046	0.0	685116	3947.028560877012	0.0	1.2
7258.55497951245	1200	32.27181106677897	0.0	583475	3525.057466106078	0.0	1.2
7264.267104624431	1200	30.559685954796887	0.0	770303	5712.125111982085	0.0	1.2
7266.388427365123	750	32.43836321410474	0.0	258018	2121.322740692145	0.45	0.3
7268.347333397788	750	34.47945718144008	0.0	221946	1958.906032664655	0.0	0.75
7270.646447200551	750	36.18034337867724	0.0	359492	2299.1138027628385	0.0	0.75
7272.719252599574	750	38.107537979653124	0.0	411585	2072.805399024117	0.0	0.75
7275.709822383781	1200	39.11696819544664	0.0	692588	2990.5697842064887	0.45	0.75
7278.256297145999	1200	40.570493433228656	0.0	561042	2546.47476221798	0.0	1.2
7281.124939484268	1200	41.70185109495959	0.0	670437	2868.6423382690664	0.0	1.2
7283.608492177564	1200	43.218298401663915	0.0	675109	2483.552693295681	0.0	1.2
7287.055416843671	1200	43.77137373555668	0.0	739591	3446.9246661072384	0.0	1.2
7289.758491987533	1200	45.06829859169541	0.0	581068	2703.075143861267	0.0	1.2
7295.549721147056	1200	43.27706943217241	0.0	709814	5791.229159523003	0.0	1.2
7299.548551161222	1200	43.27823941800635	0.0	792258	3998.830014166057	0.0	1.2
7303.48482778887	1200	43.341962790358544	0.0	621262	3936.276627647809	0.0	1.2
7309.027429806787	1200	41.79936077244177	0.0	513933	5542.602017916769	0.0	1.2
7324.40044600708	1200	30.42634457214837	0.0	734468	15373.016200293405	0.0	1.2
7338.692329441054	1200	20.134461138174082	0.0	566795	14291.883433974286	0.0	1.2
7344.398473168871	750	18.42831741035864	0.0	236446	5706.143727815442	0.45	0.3
7348.981877874745	750	17.844912704484315	0.0	367775	4583.404705874328	0.0	0.75
7350.985679279851	750	19.84111129937892	0.0	391562	2003.8014051053938	0.0	0.75
7354.3836583656475	1200	20.443132213582437	0.0	682374	3397.9790857964836	0.45	0.75
7358.807099046464	1200	20.01969153276601	0.0	504922	4423.440680816426	0.0	1.2
7368.227067592734	1200	14.599722986496536	0.0	639905	9419.968546269474	0.0	1.2
7371.501030118321	750	15.325760460909295	0.0	477065	3273.96252558724	0.45	0.3
7375.287164083666	750	15.539626495565383	0.0	486670	3786.1339653439145	0.0	0.75
7378.9691142389565	750	15.85767634027344	0.0	479573	3681.9501552919423	0.0	0.75
7380.727928030428	750	18.09886254880148	0.0	303693	1758.8137914719616	0.0	0.75
7382.5281712940605	750	20.298619285169842	0.0	356943	1800.243263631639	0.0	0.75

