15121.268175365283	300	4.0	0.6240319833487284	134752	624.0319833487284	0.0	-5.940319833487284
15122.657484804953	750	6.610690560331526	0.0	332003	1389.309439668474	0.45	0.3
15124.30930217295	750	8.958873192334908	0.0	417058	1651.8173679966187	0.0	0.75
15125.67815159229	750	11.590023772994607	0.0	450960	1368.8494193403	0.0	0.75
15127.20087650915	1200	14.067298856133934	0.0	553491	1522.7249168606725	0.45	0.75
15129.738658578137	1850	15.529516787148179	0.0	979669	2537.782068985756	0.65	1.2000000000000002
15133.381048316065	2850	15.887127049220496	0.0	1197133	3642.3897379276846	1.0	1.85
15138.803984149534	2850	14.464191215751375	0.0	1154508	5422.93583346912	0.0	2.85
15143.966797601404	2850	13.301377763881671	0.0	1782424	5162.813451869705	0.0	2.85
15147.941618592184	2850	13.326556773100389	0.0	1352035	3974.820990781284	0.0	2.85
15153.041254492215	2850	12.226920873071103	0.0	1500035	5099.635900029285	0.0	2.85
15156.920147909655	2850	12.348027455628104	0.0	1438928	3878.8934174429996	0.0	2.85
15161.773469080164	2850	11.494706285120063	0.0	1416349	4853.321170508041	0.0	2.85
15167.081848939706	2850	10.186326425578663	0.0	1420617	5308.379859541399	0.0	2.85
15174.025402607613	2850	7.242772757671153	0.0	1636755	6943.55366790751	0.0	2.85
15177.983899578154	1850	7.284275787129747	0.0	950673	3958.4969705414055	1.0	0.8500000000000001
15184.379509391807	1850	4.888665973476446	0.0	913909	6395.609813653302	0.0	1.85
15189.795171545024	1200	4.0	0.5269961797402839	712433	5415.662153216729	0.65	-4.719961797402839
15192.15571996461	750	5.639451580412317	0.0	385116	2360.548419587683	0.45	0.3
15196.75414054972	750	5.041030995302592	0.0	283475	4598.420585109725	0.0	0.75
15199.03007132118	300	6.765100223841095	0.0	139768	2275.930771461496	0.45	-0.15000000000000002
15200.357476100966	300	9.437695444055645	0.0	109931	1327.4047797854505	0.0	0.3
15201.54399755451	300	12.251173990511376	0.0	135932	1186.5214535442692	0.0	0.3
15202.454071760658	300	15.34109978436427	0.0	106134	910.0742061471058	0.0	0.3
15203.509527660257	300	18.28564388476594	0.0	119601	1055.4558995983298	0.0	0.3
15204.767733270113	300	21.027438274910516	0.0	141082	1258.2056098554199	0.0	0.3
15206.812012491271	750	22.98315905375291	0.0	261042	2044.2792211576038	0.45	0.3
15212.903371352733	1200	20.891800192288944	0.0	670437	6091.3588614639675	0.45	0.75
15218.497866546984	1200	19.297304998037422	0.0	675109	5594.495194251523	0.0	1.2
15225.46600357594	1200	16.32916796908104	0.0	739591	6968.137028956383	0.0	1.2
15231.579818202916	1200	14.215353342105479	0.0	581068	6113.814626975564	0.0	1.2
15238.999218792334	1200	10.795952752687768	0.0	709814	7419.400589417711	0.0	1.2
15245.12369986291	1200	8.671471682111454	0.0	792258	6124.481070576314	0.0	1.2
15250.10965078698	1200	7.685520758040642	0.0	621262	4985.950924070812	0.0	1.2
15251.80576214705	750	9.989409397970674	0.0	213933	1696.1113600699687	0.45	0.3
15255.374420356613	750	10.420751188408161	0.0	434468	3568.658209562512	0.0	0.75
15257.57313941025	750	12.222032134771611	0.0	266795	2198.719053636551	0.0	0.75
15259.485922577689	750	14.309248967332397	0.0	236446	1912.7831674392128	0.0	0.75
15262.502256690415	750	15.292914854606947	0.0	367775	3016.334112725451	0.0	0.75
15265.59035493109	750	16.20481661393104	0.0	391562	3088.098240675905	0.0	0.75
15271.402559908138	1200	14.392611636881878	0.0	682374	5812.204977049164	0.45	0.75
15276.749937976927	1200	13.045233568094654	0.0	504922	5347.378068787222	0.0	1.2
15282.35232037649	1200	11.442851168530735	0.0	639905	5602.38239956392	0.0	1.2
15287.222866116177	1200	10.572305428844581	0.0	777065	4870.545739686153	0.0	1.2
15292.947156801813	1200	8.848014743210092	0.0	786670	5724.290685634491	0.0	1.2
15299.128026540551	1200	6.667145004470992	0.0	779573	6180.869738739099	0.0	1.2
15301.371484809251	750	8.423686735771712	0.0	303693	2243.45826869928	0.45	0.3
15307.089118246859	1200	6.706053298163922	0.0	656943	5717.633437607791	0.45	0.75

