12792.498379429993	300	4.0	1.7030395317704212	134752	1703.0395317704213	0.0	-16.73039531770421
12793.794057141502	300	6.704322288492041	0.0	100931	1295.6777115079583	0.0	0.3
12794.92859850432	300	9.569780925674353	0.0	161324	1134.541362817689	0.0	0.3
12796.421537050024	300	12.076842379969607	0.0	185986	1492.9385457047476	0.0	0.3
12797.572864779595	300	14.92551465039892	0.0	153491	1151.3277295706862	0.0	0.3
12798.722297305814	300	17.776082124178522	0.0	150777	1149.432526220398	0.0	0.3
12799.878572264277	300	20.619807165717443	0.0	148597	1156.2749584610792	0.0	0.3
12801.199327526849	300	23.299051903145283	0.0	161722	1320.7552625721603	0.0	0.3
12802.793282684692	300	25.70509674530353	0.0	197133	1593.9551578417515	0.0	0.3
12806.37924396676	750	26.11913546323417	0.0	452035	3585.961282069362	0.45	0.3
12810.210811672983	1200	26.287567757010898	0.0	512467	3831.5677062232735	0.45	0.75
12813.601576023055	1200	26.89680340693867	0.0	512764	3390.7643500722243	0.0	1.2
12816.901139338514	750	27.597240091480117	0.0	498076	3299.5633154585503	0.45	0.3
12820.240465734449	750	28.257913695545913	0.0	432887	3339.3263959342044	0.0	0.75
12823.89105233423	750	28.607327095765847	0.0	468278	3650.586599780067	0.0	0.75
12827.47730073979	750	29.02107869020279	0.0	350673	3586.2484055630607	0.0	0.75
12830.393973558035	750	30.104405871958974	0.0	313909	2916.6728182438133	0.0	0.75
12833.970607073	750	30.52777235699161	0.0	412433	3576.633514967364	0.0	0.75
12837.7348557172	750	30.76352371279279	0.0	385116	3764.2486441988194	0.0	0.75
12841.871823460879	750	30.626555969115472	0.0	283475	4136.967743677321	0.0	0.75
12847.28238735935	750	29.21599207064612	0.0	470303	5410.563898469352	0.0	0.75
12849.540532459408	750	30.957846970586573	0.0	258018	2258.145100059547	0.0	0.75
12851.376777883746	750	33.12160154624861	0.0	221946	1836.2454243379616	0.0	0.75
12854.570093855978	750	33.92828557401567	0.0	359492	3193.3159722329447	0.0	0.75
12860.450742247911	1200	32.04763718208429	0.0	711585	5880.648391931375	0.45	0.75
12866.405009847822	1200	30.093369582174454	0.0	692588	5954.267599909835	0.0	1.2
12870.895529471289	1200	29.60284995870606	0.0	561042	4490.519623468395	0.0	1.2
12876.009626182315	1200	28.488753247682084	0.0	670437	5114.096711023972	0.0	1.2
12881.957955264159	1200	26.54042416583697	0.0	675109	5948.329081845111	0.0	1.2
12886.068653211993	750	26.429726218003292	0.0	439591	4110.697947833679	0.45	0.3
12888.02929845047	750	28.469080979525486	0.0	281068	1960.6452384778074	0.0	0.75
12890.931019750133	750	29.567359679862406	0.0	409814	2901.7212996630797	0.0	0.75
12897.65479144126	1200	26.84358798873562	0.0	792258	6723.7716911267835	0.45	0.75
12903.56266359303	1200	24.935715836965304	0.0	621262	5907.872151770317	0.0	1.2
12909.08483669724	1200	23.413542732753868	0.0	513933	5522.173104211438	0.0	1.2
12916.163192172657	1200	20.335187257338895	0.0	734468	7078.355475414973	0.0	1.2
12919.044621533107	750	21.45375789688702	0.0	266795	2881.4293604518743	0.45	0.3
12921.530843882156	750	22.967535547837297	0.0	236446	2486.2223490497213	0.0	0.75
12927.777642047386	1200	20.720737382608792	0.0	667775	6246.798165228506	0.45	0.75
12933.641451378253	1200	18.856928051742067	0.0	691562	5863.809330866727	0.0	1.2
12939.917471524435	1200	16.580907905558366	0.0	682374	6276.020146183704	0.0	1.2
12944.300633777199	1200	16.19774565279551	0.0	504922	4383.1622527628515	0.0	1.2
12956.626819030673	1850	7.871560399323193	0.0	939905	12326.18525347232	0.65	1.2000000000000002
12965.067009160797	1200	4.0	0.5686297308031171	777065	8440.19013012631	0.65	-5.136297308031171
12971.68945433203	1200	4.0	2.6224451712341024	786670	6622.445171234102	0.0	-25.024451712341023
12978.05362538542	1200	4.0	2.3641710533886626	779573	6364.171053388663	0.0	-22.441710533886628
12980.846031142459	750	5.207594242961602	0.0	303693	2792.405757038397	0.45	0.3
12985.506803823697	750	4.546821561723077	0.0	356943	4660.772681238525	0.0	0.75

