10817.043633798776	300	4.0	1.6370570557873787	134752	1637.0570557873787	0.0	-16.070570557873786
10818.28988977789	300	6.753744020885211	0.0	100931	1246.2559791147883	0.0	0.3
10820.175217564434	300	8.868416234341975	0.0	161324	1885.3277865432356	0.0	0.3
10821.839532290594	300	11.204101508180756	0.0	185986	1664.3147261612187	0.0	0.3
10823.366663481076	300	13.676970317699837	0.0	153491	1527.1311904809197	0.0	0.3
10824.778514272371	300	16.265119526403907	0.0	150777	1411.8507912959287	0.0	0.3
10826.263391410128	300	18.78024238864836	0.0	148597	1484.8771377555508	0.0	0.3
10828.610697900634	750	20.43293589814156	0.0	254508	2347.3064905067986	0.45	0.3
10831.90336442188	750	21.14026937689589	0.0	358136	3292.666521245673	0.0	0.75
10835.760081279981	750	21.283552518793197	0.0	452035	3856.716858102694	0.0	0.75
10837.76951801648	750	23.27411578229598	0.0	212467	2009.4367364972168	0.0	0.75
10839.596621019524	750	25.4470127792517	0.0	212764	1827.1030030442766	0.0	0.75
10843.872987916828	750	25.170645881947422	0.0	498076	4276.36689730428	0.0	0.75
10845.74505516321	300	27.29857863556452	0.0	176784	1872.067246382898	0.45	-0.15000000000000002
10847.266606071478	300	29.777027727297835	0.0	127732	1521.5509082666879	0.0	0.3
10849.447025207286	300	31.59660859148978	0.0	164342	2180.4191358080543	0.0	0.3
10851.624649455596	300	33.418984343179986	0.0	154205	2177.624248309792	0.0	0.3
10855.301916047792	750	33.741717750982126	0.0	412433	3677.2665921978623	0.45	0.3
10858.648218995153	750	34.39541480362097	0.0	385116	3346.3029473611546	0.0	0.75
10861.603142703872	750	35.44049109490204	0.0	283475	2954.9237087189276	0.0	0.75
10865.933643289096	750	35.10999050967844	0.0	470303	4330.5005852236	0.0	0.75
10868.818604106013	750	36.22502969276246	0.0	258018	2884.9608169159796	0.0	0.75
10871.995754493832	750	37.0478793049447	0.0	221946	3177.15038781776	0.0	0.75
10876.53654972166	750	36.50708407711617	0.0	359492	4540.795227828529	0.0	0.75
10882.49260741644	750	34.5510263823364	0.0	411585	5956.057694779768	0.0	0.75
10887.37054774009	750	33.6730860586864	0.0	392588	4877.940323650003	0.0	0.75
10889.511092550814	750	35.532541247962335	0.0	261042	2140.5448107240654	0.0	0.75
10892.508343385629	750	36.535290413147465	0.0	370437	2997.2508348148685	0.0	0.75
10895.823018070789	750	37.22061572798711	0.0	375109	3314.6746851603534	0.0	0.75
10903.214888130859	1200	33.82874566791778	0.0	739591	7391.870060069332	0.45	0.75
10909.665244706435	1200	31.37838909234044	0.0	581068	6450.356575577337	0.0	1.2
10917.676736817995	1850	27.36689698078032	0.0	1009814	8011.492111560116	0.65	1.2000000000000002
10931.23862942209	2850	17.805004376685332	0.0	1270437	13561.892604094992	1.0	1.85
10943.64295356634	1850	9.400680232437875	0.0	921262	12404.324144247455	1.0	0.8500000000000001
10950.574971171289	1200	6.468662627486613	0.0	513933	6932.017604951262	0.65	0.5499999999999999
10956.26356887703	750	4.780064921746164	0.0	434468	5688.597705740449	0.45	0.3
10958.490343562567	300	6.553290236208349	0.0	128420	2226.774685537814	0.45	-0.15000000000000002
10960.131568019548	300	8.91206577922711	0.0	176603	1641.2244569812392	0.0	0.3
10962.022012667085	300	11.021621131690784	0.0	180513	1890.444647536326	0.0	0.3
10963.587915840517	300	13.455717958257623	0.0	161516	1565.9031734331627	0.0	0.3
10965.225035120908	300	15.818598677866913	0.0	161042	1637.1192803907109	0.0	0.3
10967.652164629872	300	17.391469168903733	0.0	161603	2427.1295089631813	0.0	0.3
10969.765694266925	300	19.27793953184982	0.0	121636	2113.52963705391	0.0	0.3
10972.16018683336	300	20.88344696541512	0.0	139365	2394.492566434698	0.0	0.3
10979.686489876576	750	17.357143922199118	0.0	486670	7526.303043216004	0.45	0.3
10987.207705259818	750	13.835928538956345	0.0	479573	7521.215383242771	0.0	0.75
10989.936805526959	300	15.106828271816305	0.0	181068	2729.1002671400397	0.45	-0.15000000000000002
10992.931254949268	300	16.112378849507003	0.0	178742	2994.449422309301	0.0	0.3

