8975.963324222634	750	4.0	4.554415067701703	496896	4554.415067701702	0.0	-44.79415067701703
8976.732746281084	300	7.2305779415495905	0.0	100931	769.4220584504096	0.45	-0.15000000000000002
8980.905100227386	750	7.058223995246916	0.0	417058	4172.353946302675	0.45	0.3
8983.986346125246	750	7.976978097385365	0.0	450960	3081.2458978615514	0.0	0.75
8986.744719255328	750	9.218604967304495	0.0	253491	2758.3731300808713	0.0	0.75
8997.20833754011	1200	4.0	1.245013317477351	679669	10463.618284781845	0.45	-11.70013317477351
9000.343836623195	300	4.864500916914818	0.0	148597	3135.4990830851816	0.9	-0.6000000000000001
9003.334836112956	300	5.873501427154188	0.0	161722	2990.99948976063	0.0	0.3
9006.11921957998	300	7.089117960130059	0.0	197133	2784.3834670241285	0.0	0.3
9014.572968474911	750	4.0	1.3646309348012546	452035	8453.748894931314	0.45	-13.346309348012547
9016.630124482312	300	5.9428439926003165	0.0	127064	2057.1560073996834	0.45	-0.15000000000000002
9017.535848252623	300	9.037120222290124	0.0	106819	905.7237703101919	0.0	0.3
9023.051708371228	1200	7.52126010368549	0.0	798076	5515.860118604634	0.9	0.29999999999999993
9025.535623672242	750	9.037344802672624	0.0	432887	2483.9153010128666	0.45	0.3
9028.685622120802	1200	9.887346354111893	0.0	768278	3149.9984485607315	0.45	0.75
9035.928472207683	1200	6.644496267231842	0.0	650673	7242.85008688005	0.0	1.2
9037.304123431808	300	9.268845043105797	0.0	154205	1375.6512241260461	0.9	-0.6000000000000001
9042.910290357588	1200	7.662678117326111	0.0	712433	5606.166925779686	0.9	0.29999999999999993
9046.349986882911	750	8.222981592002169	0.0	385116	3439.696525323943	0.45	0.3
9048.84602252076	750	9.726945954154797	0.0	283475	2496.035637847372	0.0	0.75
9057.152839171393	1200	5.420129303521914	0.0	770303	8306.816650632883	0.45	0.75
9057.840565154715	300	8.732403320201081	0.0	109931	687.7259833208316	0.9	-0.6000000000000001
9059.095994635734	750	11.47697383918178	0.0	221946	1255.4294810193026	0.45	0.3
9062.973540449751	1850	11.599428025165311	0.0	959492	3877.5458140164687	1.1	0.75
9068.63052198679	1850	9.942446488127157	0.0	1011585	5656.981537038156	0.0	1.85
9073.564967933497	1200	9.008000541421364	0.0	692588	4934.445946705792	0.65	0.5499999999999999
9078.656723891987	1200	7.916244582931733	0.0	561042	5091.75595848963	0.0	1.2
9082.124962029233	750	8.448006445684202	0.0	370437	3468.2381372475324	0.45	0.3
9085.029911462747	750	9.543057012171554	0.0	375109	2904.9494335126474	0.0	0.75
9092.336644003799	1200	6.236324471119779	0.0	739591	7306.732541051774	0.45	0.75
9093.647340125624	300	8.925628349294703	0.0	124205	1310.6961218250772	0.9	-0.6000000000000001
9103.22961985321	750	4.0	0.6566513782910206	409814	9582.279727585723	0.45	-6.266513782910207
9108.235229563339	300	4.0	1.0056097101287997	163354	5005.6097101288	0.45	-10.206097101287996
9111.487920786076	300	4.747308777263759	0.0	108159	3252.6912227362413	0.0	0.3
9116.321713021502	300	4.0	0.086483458162219	158018	4833.792235425978	0.0	-0.56483458162219
9120.569589640598	300	4.0	0.24787661909572306	121946	4247.876619095723	0.0	-2.178766190957231
9124.607428258003	300	4.0	0.0378386174076436	128420	4037.8386174076436	0.0	-0.078386174076436
9130.265074620083	300	4.0	1.6576463620798285	176603	5657.646362079829	0.0	-16.276463620798285
9135.560241132482	300	4.0	1.2951665123977691	180513	5295.166512397769	0.0	-12.65166512397769
9140.324765580503	300	4.0	0.764524448022944	161516	4764.524448022944	0.0	-7.345244480229439
9144.907934393445	300	4.0	0.5831688129423109	161042	4583.168812942311	0.0	-5.5316881294231095
9149.56321109568	300	4.0	0.6552767022347807	161603	4655.276702234781	0.0	-6.252767022347808
9153.172884410045	300	4.390326685633449	0.0	121636	3609.6733143665515	0.0	0.3
9157.175213019453	300	4.387998076227236	0.0	139365	4002.3286094062137	0.0	0.3
9160.937569256923	300	4.625641838757892	0.0	178996	3762.356237469343	0.0	0.3
9162.552152429835	300	7.011058665845507	0.0	144037	1614.583172912386	0.0	0.3
9164.656383731153	750	8.906827364525967	0.0	303693	2104.23130131954	0.45	0.3
9166.439369147145	750	11.123841948535366	0.0	356943	1782.9854159906006	0.0	0.75

