9793.88709126672	300	4.0	0.7605251444486205	134752	760.5251444486205	0.0	-7.305251444486205
9794.476813447873	300	7.41027781884986	0.0	100931	589.7221811501404	0.0	0.3
9795.723343393016	300	10.163747873705793	0.0	161324	1246.529945144067	0.0	0.3
9796.736055026093	300	13.151036240629042	0.0	185986	1012.7116330767517	0.0	0.3
9797.564121257596	300	16.322970009126447	0.0	153491	828.0662315025954	0.0	0.3
9798.34496372794	300	19.542127538783117	0.0	150777	780.8424703433327	0.0	0.3
9799.091430669514	300	22.795660597207974	0.0	148597	746.4669415751398	0.0	0.3
9800.240912995585	750	25.646178271137444	0.0	254508	1149.4823260705323	0.45	0.3
9801.160319834868	300	28.726771431854907	0.0	197133	919.4068392825345	0.45	-0.15000000000000002
9801.97746647789	300	31.909624788830985	0.0	154508	817.1466430239249	0.0	0.3
9802.757483016276	300	35.129608250446644	0.0	127064	780.0165383843405	0.0	0.3
9804.410748100589	750	37.476343166134335	0.0	212764	1653.2650843123147	0.45	0.3
9808.812761186162	750	37.07433008056021	0.0	498076	4402.013085574124	0.0	0.75
9811.905276813326	750	37.98181445339553	0.0	432887	3092.515627164687	0.0	0.75
9819.357425226097	1200	34.52966604062655	0.0	768278	7452.148412768978	0.45	0.75
9823.282948503746	1200	34.60414276297767	0.0	650673	3925.5232776488765	0.0	1.2
9826.832617644406	1200	35.05447362231723	0.0	613909	3549.669140660443	0.0	1.2
9830.227326123353	1200	35.65976514337172	0.0	712433	3394.7084789455103	0.0	1.2
9833.387262186556	1200	36.499829080170024	0.0	685116	3159.9360632017015	0.0	1.2
9836.237799605911	1200	37.649291660813745	0.0	583475	2850.5374193562766	0.0	1.2
9842.282444528646	1200	35.6046467380793	0.0	770303	6044.644922734438	0.0	1.2
9847.105305122857	1200	34.7817861438673	0.0	558018	4822.860594212007	0.0	1.2
9848.10343286207	750	37.78365840465589	0.0	221946	998.1277392114132	0.45	0.3
9851.027305641364	750	38.85978562536167	0.0	359492	2923.8727792942154	0.0	0.75
9852.825724488584	750	41.0613667781424	0.0	411585	1798.4188472192723	0.0	0.75
9853.571056591249	300	44.316034675478136	0.0	141082	745.332102664266	0.45	-0.15000000000000002
9854.366846691762	300	47.5202445749639	0.0	143746	795.7901005142445	0.0	0.3
9855.71283054532	300	50.17426072140564	0.0	181361	1345.9838535582528	0.0	0.3
9858.469487699347	300	51.41760356738057	0.0	154044	2756.657154025072	0.0	0.3
9862.407019184206	300	51.48007208252125	0.0	183475	3937.5314848593202	0.0	0.3
9866.51979478704	750	51.36729647968724	0.0	281068	4112.775602834006	0.45	0.3
9869.579536666295	750	52.30755460043176	0.0	409814	3059.7418792554813	0.0	0.75
9877.030622504812	1200	48.85646876191493	0.0	792258	7451.085838516823	0.45	0.75
9881.21793859162	1200	48.66915267510752	0.0	621262	4187.316086807413	0.0	1.2
9884.506046990078	1200	49.38104427665046	0.0	513933	3288.108398457066	0.0	1.2
9889.133899406012	1200	48.75319186071609	0.0	734468	4627.852415934364	0.0	1.2
9893.33836198527	1200	48.54872928145829	0.0	566795	4204.462579257804	0.0	1.2
9896.70910188355	1200	49.17798938317724	0.0	536446	3370.7398982810496	0.0	1.2
9902.554612197668	1200	47.33247906906158	0.0	667775	5845.510314115665	0.0	1.2
9907.37156706794	1200	46.515524198789855	0.0	691562	4816.954870271719	0.0	1.2
9912.627243300562	1200	45.25984796616932	0.0	682374	5255.676232620533	0.0	1.2
9915.590297872392	1200	46.296793394338096	0.0	504922	2963.054571831227	0.0	1.2
9919.19527614539	1200	46.691815121338465	0.0	639905	3604.9782729996277	0.0	1.2
9931.173319776706	1200	38.71377149002321	0.0	777065	11978.043631315255	0.0	1.2
9941.610146432404	1200	32.27694483432627	0.0	786670	10436.826655696936	0.0	1.2
9948.170782768455	1200	29.71630849827524	0.0	779573	6560.636336051035	0.0	1.2
9951.82016412156	1200	30.066927145168727	0.0	603693	3649.381353106514	0.0	1.2
9955.40674389202	1200	30.48034737470938	0.0	656943	3586.5797704593506	0.0	1.2

