4155.160955689691	300	4.0	1.0315708055956516	134752	1031.5708055956516	0.0	-10.015708055956516
4155.953694595085	300	7.207261094606576	0.0	100931	792.7389053934244	0.0	0.3
4157.3890221024685	300	9.771933587222614	0.0	161324	1435.3275073839625	0.0	0.3
4160.296384337934	750	10.864571351757483	0.0	450960	2907.3622354651307	0.45	0.3
4162.293314024477	750	12.867641665214531	0.0	253491	1996.9296865429528	0.0	0.75
4169.493743638688	750	9.667212051003359	0.0	379669	7200.4296142111725	0.0	0.75
4177.102149544085	750	6.058806145606755	0.0	297133	7608.405905396604	0.0	0.75
4181.005362569018	300	6.155593120673389	0.0	161722	3903.2130249333654	0.45	-0.15000000000000002
4184.403839192031	300	6.757116497660331	0.0	197133	3398.4766230130585	0.0	0.3
4187.497617751717	300	7.66333793797422	0.0	154508	3093.77855968611	0.0	0.3
4190.180525827882	300	8.98042986180927	0.0	127064	2682.9080761649498	0.0	0.3
4191.85474157768	300	11.306214112010958	0.0	106819	1674.215749798314	0.0	0.3
4194.9329331259405	300	12.228022563751429	0.0	167782	3078.1915482595286	0.0	0.3
4198.155181735738	300	13.005773953954579	0.0	176784	3222.24860979685	0.0	0.3
4200.32518646101	300	14.835769228682128	0.0	127732	2170.0047252724507	0.0	0.3
4203.820365379569	300	15.340590310122934	0.0	164342	3495.1789185591924	0.0	0.3
4207.488668120343	300	15.672287569349178	0.0	154205	3668.302740773756	0.0	0.3
4209.516107787327	300	17.644847902365438	0.0	158473	2027.439666983744	0.0	0.3
4210.735423234534	300	20.425532455157505	0.0	112467	1219.3154472079307	0.0	0.3
4212.019355462987	300	23.141600226704664	0.0	112764	1283.932228452842	0.0	0.3
4219.107486501682	750	20.053469188010407	0.0	470303	7088.131038694259	0.45	0.3
4222.942225984979	750	20.21872970471361	0.0	258018	3834.739483296796	0.0	0.75
4225.443241180705	750	21.717714508987164	0.0	221946	2501.0151957264475	0.0	0.75
4229.039632883009	750	22.12132280668277	0.0	359492	3596.3917023043946	0.0	0.75
4232.773835130452	750	22.387120559240156	0.0	411585	3734.202247442612	0.0	0.75
4237.138689025416	750	22.022266664276504	0.0	392588	4364.853894963655	0.0	0.75
4240.443014159354	750	22.717941530338887	0.0	261042	3304.3251339376134	0.0	0.75
4244.99219899553	750	22.168756694162706	0.0	370437	4549.184836176183	0.0	0.75
4248.51996657803	750	22.640989111662243	0.0	375109	3527.7675825004626	0.0	0.75
4252.809150601388	750	22.351805088304307	0.0	439591	4289.184023357934	0.0	0.75
4255.381431883695	750	23.77952380599744	0.0	281068	2572.281282306868	0.0	0.75
4259.457791589532	750	23.70316410016132	0.0	409814	4076.359705836118	0.0	0.75
4264.445624531622	750	22.715331158070523	0.0	492258	4987.832942090798	0.0	0.75
4267.881160830987	750	23.27979485870544	0.0	321262	3435.5362993650833	0.0	0.75
4273.138719319949	1200	22.022236369743144	0.0	513933	5257.5584889623005	0.45	0.75
4284.414267412409	1200	14.746688277283639	0.0	734468	11275.548092459505	0.0	1.2
4288.369252751686	750	14.791702938005798	0.0	266795	3954.98533927784	0.45	0.3
4292.986527275751	750	14.174428413940692	0.0	236446	4617.274524065106	0.0	0.75
4297.904440435099	750	13.25651525459288	0.0	367775	4917.913159347813	0.0	0.75
4301.024603886532	750	14.136351803159348	0.0	391562	3120.163451433532	0.0	0.75
4304.307758277251	750	14.85319741243954	0.0	382374	3283.154390719808	0.0	0.75
4306.056567117251	750	17.10438857244027	0.0	204922	1748.8088399992705	0.0	0.75
4309.117905547808	750	18.0430501418825	0.0	339905	3061.3384305577706	0.0	0.75
4313.916450030627	750	17.244505659063663	0.0	477065	4798.544482818838	0.0	0.75
4319.102853910611	750	16.05810177907894	0.0	486670	5186.403879984724	0.0	0.75
4326.161258784674	1200	12.999696905015929	0.0	779573	7058.40487406301	0.45	0.75
4332.55478420245	1200	10.606171487239772	0.0	603693	6393.525417776157	0.0	1.2
4341.381735362582	1850	5.779220327107698	0.0	956943	8826.951160132074	0.65	1.2000000000000002

