17749.00703612871	750	4.0	6.961215349580844	496896	6961.215349580844	0.0	-68.86215349580844
17750.397020187767	300	6.610015940941246	0.0	100931	1389.9840590587546	0.45	-0.15000000000000002
17752.93563335566	300	8.071402773046533	0.0	161324	2538.6131678947118	0.0	0.3
17759.86501419199	750	5.142021936721151	0.0	450960	6929.380836325382	0.45	0.3
17761.91615224207	300	7.090883886641668	0.0	153491	2051.138050079483	0.45	-0.15000000000000002
17768.617754635427	750	4.389281493282526	0.0	379669	6701.602393359141	0.45	0.3
17770.912978406126	300	6.094057722583277	0.0	148597	2295.22377069925	0.45	-0.15000000000000002
17773.547938854455	300	7.45909727425531	0.0	161722	2634.960448327967	0.0	0.3
17778.343688630885	750	6.663347497825306	0.0	358136	4795.749776430003	0.45	0.3
17780.129823891035	300	8.877212237677078	0.0	154508	1786.1352601482272	0.45	-0.15000000000000002
17782.211720633943	750	10.795315494768811	0.0	212467	2081.8967429082677	0.45	0.3
17787.40266214122	1200	9.604373987491599	0.0	512764	5190.941507277213	0.45	0.75
17803.270951909686	1200	4.0	6.263915780978085	798076	15868.289768469684	0.0	-61.439157809780845
17806.558598608506	300	4.712353301182783	0.0	176784	3287.646698817217	0.9	-0.6000000000000001
17809.25205856359	300	6.0188933460965925	0.0	127732	2693.459955086191	0.0	0.3
17813.172156323017	300	6.0987955866715	0.0	164342	3920.0977594250926	0.0	0.3
17816.869041591905	300	6.401910317783606	0.0	154205	3696.885268887894	0.0	0.3
17820.333093634556	300	6.9378582751328555	0.0	158473	3464.05204265075	0.0	0.3
17822.520861868197	300	8.750090041490813	0.0	112467	2187.7682336420444	0.0	0.3
17826.83039194349	750	8.440559966196638	0.0	283475	4309.530075294175	0.45	0.3
17836.69395543818	750	4.0	1.4230035284885307	470303	9863.563494685168	0.0	-13.480035284885307
17839.422178329136	300	5.271777109043308	0.0	109931	2728.222890956692	0.45	-0.15000000000000002
17842.03284067587	300	6.66111476230802	0.0	135932	2610.662346735288	0.0	0.3
17844.396524620795	300	8.29743081738647	0.0	106134	2363.683944921549	0.0	0.3
17851.363805894634	750	5.330149543543305	0.0	411585	6967.281273843165	0.45	0.3
17852.963166130266	300	7.73078930791345	0.0	141082	1599.3602356298554	0.45	-0.15000000000000002
17855.323427149742	750	9.370528288437551	0.0	261042	2360.261019475899	0.45	0.3
17863.71336712761	1200	4.980588310570376	0.0	670437	8389.939977867176	0.45	0.75
17866.954725940308	300	5.73922949786977	0.0	154044	3241.3588127006055	0.9	-0.6000000000000001
17870.883877526467	300	5.810077911711617	0.0	183475	3929.151586158153	0.0	0.3
17873.100426312667	300	7.593529125509564	0.0	124205	2216.5487862020536	0.0	0.3
17879.260208147334	750	5.433747290840999	0.0	409814	6159.781834668564	0.45	0.3
17882.78330946991	300	5.91064596826997	0.0	163354	3523.1013225710294	0.45	-0.15000000000000002
17885.134937033195	300	7.5590184049829485	0.0	108159	2351.627563287021	0.0	0.3
17888.868376977567	750	7.825578460609844	0.0	213933	3733.439944373104	0.45	0.3
17895.864566529934	750	4.829388908243073	0.0	434468	6996.189552366771	0.0	0.75
17897.521077443125	300	7.172877995048609	0.0	128420	1656.5109131944644	0.45	-0.15000000000000002
17900.579108973936	750	8.114846464241483	0.0	236446	3058.0315308071263	0.45	0.3
17904.645217738736	750	8.04873769944094	0.0	367775	4066.1087648005423	0.0	0.75
17909.120108850402	750	7.57384658777808	0.0	391562	4474.89111166286	0.0	0.75
17914.148672249918	750	6.545283188262245	0.0	382374	5028.563399515835	0.0	0.75
17916.279972550295	300	8.413982887885528	0.0	161603	2131.3003003767167	0.45	-0.15000000000000002
17920.83457974819	750	7.85937568999392	0.0	339905	4554.607197891608	0.45	0.3
17928.048677732462	750	4.645277705717076	0.0	477065	7214.097984276844	0.0	0.75
17930.6633052678	300	6.030650170380956	0.0	178996	2614.6275353361198	0.45	-0.15000000000000002
17932.475203347476	300	8.218752090707634	0.0	144037	1811.8980796733224	0.0	0.3
17938.058291335896	750	6.635664102288136	0.0	303693	5583.087988419497	0.45	0.3
17940.695867071794	300	7.998088366390441	0.0	178742	2637.575735897696	0.45	-0.15000000000000002

