12474.445397649011	300	4.0	1.7030395317704212	134752	1703.0395317704213	0.0	-16.73039531770421
12475.741075360518	300	6.704322288492041	0.0	100931	1295.6777115079583	0.0	0.3
12476.875616723337	300	9.569780925674353	0.0	161324	1134.541362817689	0.0	0.3
12478.36855526904	300	12.076842379969607	0.0	185986	1492.9385457047476	0.0	0.3
12479.519882998611	300	14.92551465039892	0.0	153491	1151.3277295706862	0.0	0.3
12480.669315524832	300	17.776082124178522	0.0	150777	1149.432526220398	0.0	0.3
12481.825590483293	300	20.619807165717443	0.0	148597	1156.2749584610792	0.0	0.3
12483.146345745865	300	23.299051903145283	0.0	161722	1320.7552625721603	0.0	0.3
12484.740300903708	300	25.70509674530353	0.0	197133	1593.9551578417515	0.0	0.3
12488.326262185776	750	26.11913546323417	0.0	452035	3585.961282069362	0.45	0.3
12492.157829892	1200	26.287567757010898	0.0	512467	3831.5677062232735	0.45	0.75
12495.548594242071	1200	26.89680340693867	0.0	512764	3390.7643500722243	0.0	1.2
12501.07970126283	1200	25.36569638617966	0.0	798076	5531.107020759007	0.0	1.2
12507.027902769049	1200	23.417494879960955	0.0	732887	5948.201506218705	0.0	1.2
12514.143490266615	1200	20.301907382393882	0.0	768278	7115.587497567074	0.0	1.2
12517.514677452858	750	20.93072019615171	0.0	350673	3371.1871862421735	0.45	0.3
12518.940888347028	300	23.50450930198214	0.0	154205	1426.210894169571	0.45	-0.15000000000000002
12520.837498842562	300	25.6078988064487	0.0	158473	1896.6104955334415	0.0	0.3
12522.57893215143	300	27.866465497581057	0.0	112467	1741.4333088676422	0.0	0.3
12524.533123102136	300	29.912274546874734	0.0	112764	1954.1909507063215	0.0	0.3
12526.285750291303	300	32.15964735770754	0.0	139768	1752.6271891671936	0.0	0.3
12527.549909907448	300	34.89548774156356	0.0	109931	1264.1596161439859	0.0	0.3
12529.055720407972	300	37.389677241039045	0.0	135932	1505.8105005245095	0.0	0.3
12529.985090656304	300	40.46030699270629	0.0	106134	929.3702483327558	0.0	0.3
12533.453620698398	750	40.991776950612135	0.0	411585	3468.5300420941576	0.45	0.3
12536.946980861094	750	41.49841678791711	0.0	392588	3493.360162695026	0.0	0.75
12539.270217311097	750	43.1751803379133	0.0	261042	2323.236450003807	0.0	0.75
12542.259227517656	750	44.18617013135612	0.0	370437	2989.0102065571773	0.0	0.75
12545.502368103114	750	44.94302954589639	0.0	375109	3243.140585459733	0.0	0.75
12549.274082512837	750	45.171315136173504	0.0	439591	3771.7144097228825	0.0	0.75
12551.614879230021	750	46.83051841899039	0.0	281068	2340.796717183121	0.0	0.75
12554.748601409807	750	47.69679623920448	0.0	409814	3133.722179785906	0.0	0.75
12560.91489129924	1200	45.53050634976949	0.0	792258	6166.289889434991	0.45	0.75
12567.09296065785	1200	43.352436991160765	0.0	621262	6178.069358608718	0.0	1.2
12570.712828991947	1200	43.732568657062586	0.0	513933	3619.868334098183	0.0	1.2
12576.245920331194	1200	42.19947731781763	0.0	734468	5533.091339244952	0.0	1.2
12581.42474851609	1200	41.02064913292002	0.0	566795	5178.828184897615	0.0	1.2
12586.584456486245	1200	39.860941162764654	0.0	536446	5159.707970155367	0.0	1.2
12593.56674424404	1200	36.878653404969015	0.0	667775	6982.287757795639	0.0	1.2
12600.47540451646	1200	33.96999313255058	0.0	691562	6908.660272418446	0.0	1.2
12606.981202304578	1200	31.464195344430905	0.0	682374	6505.797788119673	0.0	1.2
12611.676027365975	1200	30.76937028303404	0.0	504922	4694.825061396865	0.0	1.2
12619.617906033754	1850	26.82749161525427	0.0	939905	7941.878667779767	0.65	1.2000000000000002
12629.751648202482	1850	20.69374944652532	0.0	1077065	10133.742168728953	0.0	1.85
12644.701691314813	1850	9.743706334195572	0.0	1086670	14950.043112329746	0.0	1.85
12653.749910331953	1850	4.695487317055011	0.0	1079573	9048.219017140562	0.0	1.85
12658.595358556231	1200	4.0	0.14996090722373082	603693	4845.448224278742	0.65	-0.9496090722373082
12661.798855657315	750	4.796502898916833	0.0	356943	3203.4971010831664	0.45	0.3

