14253.911473192267	300	4.0	0.6240319833487284	134752	624.0319833487284	0.0	-5.940319833487284
14254.398960221115	300	7.512512971151668	0.0	100931	487.48702884833267	0.0	0.3
14256.09126649667	750	9.820206695595186	0.0	417058	1692.3062755564831	0.45	0.3
14257.714935853919	750	12.196537338347309	0.0	450960	1623.6693572478757	0.0	0.75
14258.458262920643	750	15.453210271622135	0.0	253491	743.3270667251746	0.0	0.75
14259.524326333243	750	18.38714685902227	0.0	379669	1066.0634125998654	0.0	0.75
14260.378051658412	750	21.533421533854032	0.0	297133	853.7253251682379	0.0	0.75
14261.097267664303	750	24.81420552796212	0.0	254508	719.2160058919112	0.0	0.75
14261.648298416621	300	28.26317477564355	0.0	197133	551.0307523185728	0.45	-0.15000000000000002
14262.903047473219	750	31.008425719046762	0.0	452035	1254.749056596787	0.45	0.3
14263.361793155718	300	34.5496800365471	0.0	127064	458.7456824996594	0.45	-0.15000000000000002
14264.031161573694	750	37.88031161857294	0.0	212764	669.3684179741608	0.45	0.3
14264.567363774044	300	41.34410941822208	0.0	167782	536.2022003508537	0.45	-0.15000000000000002
14265.180031671127	300	44.73144152113977	0.0	176784	612.6678970823118	0.0	0.3
14266.749506662856	750	47.16196652941039	0.0	468278	1569.4749917293823	0.45	0.3
14270.431156090452	1200	47.48031710181659	0.0	650673	3681.6494275938016	0.45	0.75
14273.44850715247	1850	48.46296603979725	0.0	913909	3017.351062019335	0.65	1.2000000000000002
14276.509868094583	1850	49.40160509768452	0.0	1012433	3061.3609421127426	0.0	1.85
14279.06774208309	1850	50.84373110917561	0.0	985116	2557.8739885089058	0.0	1.85
14284.921769389613	2850	48.98970380265427	0.0	1738197	5854.027306521334	1.0	1.85
14288.438943436606	2850	49.4725297556613	0.0	1183475	3517.174046992969	0.0	2.85
14293.060262343935	2850	48.85121084833116	0.0	1517421	4621.318907330145	0.0	2.85
14298.008880992367	2850	47.90259219989857	0.0	1409949	4948.618648432578	0.0	2.85
14303.771188122559	2850	46.14028506970796	0.0	1425498	5762.307130190616	0.0	2.85
14310.88431370553	2850	43.0271594867376	0.0	1682306	7113.125582970349	0.0	2.85
14322.913544407296	2850	34.997928784970675	0.0	1646234	12029.230701766926	0.0	2.85
14335.42673397667	2850	26.48473921559794	0.0	1259492	12513.189569372735	0.0	2.85
14343.764718228671	1850	22.146754963595995	0.0	970437	8337.984252001945	1.0	0.8500000000000001
14351.835802212652	1850	18.075670979615346	0.0	975109	8071.083983980651	0.0	1.85
14358.80358510507	1200	15.107888087196374	0.0	739591	6967.782892418972	0.65	0.5499999999999999
14365.390116647299	1200	12.52135654496848	0.0	581068	6586.5315422278945	0.0	1.2
14372.401096382067	1200	9.510376810202075	0.0	709814	7010.979734766404	0.0	1.2
14376.126832091182	750	9.784641101086685	0.0	492258	3725.73570911539	0.45	0.3
14378.744626658723	750	11.166846533546593	0.0	321262	2617.7945675400915	0.0	0.75
14380.479156583075	750	13.432316609195206	0.0	213933	1734.5299243513875	0.0	0.75
14383.947221919825	750	13.964251272444566	0.0	434468	3468.065336750641	0.0	0.75
14385.021048226572	300	16.890424965698063	0.0	128420	1073.8263067465004	0.45	-0.15000000000000002
14386.959006736413	750	18.952466455857344	0.0	236446	1937.9585098407197	0.45	0.3
14392.350004698548	1200	17.56146849372094	0.0	667775	5390.997962136403	0.45	0.75
14400.217206182371	1850	13.694267009896956	0.0	991562	7867.201483823987	0.65	1.2000000000000002
14406.661087962708	1200	11.25038522956124	0.0	682374	6443.881780335715	0.65	0.5499999999999999
14408.90217605151	750	13.009297140757429	0.0	204922	2241.0880888038114	0.45	0.3
14412.282522794616	750	13.628950397653222	0.0	339905	3380.346743104209	0.0	0.75
14415.828366548023	750	14.083106644246437	0.0	477065	3545.8437534067843	0.0	0.75
14420.966987256968	1200	12.94448593530071	0.0	786670	5138.620708945726	0.45	0.75
14426.658032218988	1200	11.25344097328283	0.0	779573	5691.044962017881	0.0	1.2
14431.547013538158	1200	10.36445965411161	0.0	603693	4888.98131917122	0.0	1.2
14434.153087990644	750	11.758385201625304	0.0	356943	2606.0744524863067	0.45	0.3

