4575.714822118559	300	4.0	0.6783704929794913	134752	678.3704929794912	0.0	-6.4837049297949125
4576.243009397612	300	7.471812720947273	0.0	100931	528.1872790527268	0.0	0.3
4577.577493808324	300	10.13732831023524	0.0	161324	1334.4844107120334	0.0	0.3
4579.070432354029	300	12.64438976453049	0.0	185986	1492.9385457047476	0.0	0.3
4579.973501104711	300	15.74132101384863	0.0	153491	903.0687506818616	0.0	0.3
4580.691505180394	300	19.0233169381662	0.0	150777	718.0040756824316	0.0	0.3
4581.352631842864	300	22.362190275697177	0.0	148597	661.1266624690244	0.0	0.3
4582.024006288059	300	25.690815830501524	0.0	161722	671.3744451956507	0.0	0.3
4582.812302986485	300	28.902519132075238	0.0	197133	788.2966984262863	0.0	0.3
4585.504124564351	750	30.21069755420982	0.0	452035	2691.8215778654203	0.45	0.3
4586.530691263732	750	33.18413085482872	0.0	212467	1026.5666993811021	0.0	0.75
4588.866241756075	1200	34.84858036248514	0.0	512764	2335.5504923435797	0.45	0.75
4592.3029721322155	1200	35.41184998634513	0.0	798076	3436.7303761400117	0.0	1.2
4595.625045717085	1200	36.08977640147448	0.0	732887	3322.0735848706445	0.0	1.2
4599.475011217871	1200	36.23981090068947	0.0	768278	3849.965500785018	0.0	1.2
4603.081786944255	1200	36.63303517430485	0.0	650673	3606.775726384613	0.0	1.2
4604.924787363959	750	38.790034754601685	0.0	313909	1843.0004197031674	0.45	0.3
4608.839074727752	1200	38.87574739080937	0.0	712433	3914.2873637923126	0.45	0.75
4614.02543863566	1850	37.68938348290079	0.0	985116	5186.363907908584	0.65	1.2000000000000002
4618.056371754405	1850	37.658450364156955	0.0	883475	4030.933118743839	0.0	1.85
4623.389362196109	1850	36.325459922452914	0.0	1070303	5332.990441704038	0.0	1.85
4626.247994594722	1200	37.466827523838894	0.0	558018	2858.6323986140187	0.65	0.5499999999999999
4628.8954595716505	1200	38.819362546910476	0.0	521946	2647.46497692842	0.0	1.2
4632.065788842016	1200	39.64903327654379	0.0	659492	3170.3292703666834	0.0	1.2
4636.51366663515	1850	39.201155483410446	0.0	1011585	4447.877793133346	0.65	1.2000000000000002
4641.530213377398	1850	38.18460874116291	0.0	992588	5016.546742247531	0.0	1.85
4643.991103407616	1200	39.723718710944624	0.0	561042	2460.8900302182883	0.65	0.5499999999999999
4648.319424326508	1200	39.39539779205207	0.0	670437	4328.320918892551	0.0	1.2
4651.982906460077	1200	39.73191565848271	0.0	675109	3663.4821335693555	0.0	1.2
4657.427294054353	1850	38.28752806420629	0.0	1039591	5444.3875942764225	0.65	1.2000000000000002
4662.089045518012	1200	37.62577660054741	0.0	581068	4661.75146365888	0.65	0.5499999999999999
4665.162652779504	750	38.55216933905572	0.0	409814	3073.607261491684	0.45	0.3
4671.132682329235	1200	36.5821397893261	0.0	792258	5970.0295497296265	0.45	0.75
4675.283714048551	1200	36.431108070009884	0.0	621262	4151.031719316219	0.0	1.2
4677.761578678609	1200	37.95324343995113	0.0	513933	2477.8646300587466	0.0	1.2
4682.239891184416	1850	37.474930934144496	0.0	1034468	4478.312505806633	0.65	1.2000000000000002
4686.340722521813	1850	37.37409959674634	0.0	866795	4100.831337398158	0.0	1.85
4690.374536203074	1850	37.34028591548564	0.0	836446	4033.813681260706	0.0	1.85
4695.910241874387	2850	35.80458024417335	0.0	1221262	5535.705671312285	1.0	1.85
4701.139612310602	2850	34.57520980795724	0.0	1113933	5229.370436216103	0.0	2.85
4710.410910756287	2850	29.30391136227257	0.0	1334468	9271.298445684679	0.0	2.85
4715.932644871637	1850	27.78217724692232	0.0	804922	5521.734115350244	1.0	0.8500000000000001
4720.400023557822	1200	27.314798560737458	0.0	639905	4467.378686184862	0.65	0.5499999999999999
4732.750491253698	1850	18.96433086486138	0.0	1077065	12350.467695876076	0.65	1.2000000000000002
4743.613851913803	1850	12.100970204756372	0.0	1086670	10863.36066010501	0.0	1.85
4750.4616325546285	1200	9.253189563931171	0.0	779573	6847.7806408252	0.65	0.5499999999999999
4753.438266597005	750	10.276555521554304	0.0	303693	2976.6340423768665	0.45	0.3
4755.781113856951	750	11.933708261608285	0.0	356943	2342.8472599460197	0.0	0.75

