10633.70820729354	300	4.0	0.7605251444486205	134752	760.5251444486205	0.0	-7.305251444486205
10635.814242580846	750	5.893964712694548	0.0	332003	2106.0352873054517	0.45	0.3
10637.910615256724	750	7.79759203681841	0.0	417058	2096.372675876138	0.0	0.75
10639.924198577812	750	9.784008715730131	0.0	450960	2013.5833210882788	0.0	0.75
10641.1055392266	750	12.602668066940664	0.0	253491	1181.3406487894679	0.0	0.75
10646.169372057499	1200	11.53883523604292	0.0	679669	5063.8328308977425	0.45	0.75
10650.661558382832	1200	11.04664891071018	0.0	597133	4492.186325332739	0.0	1.2
10656.981177615233	1200	8.727029678308384	0.0	554508	6319.6192324017975	0.0	1.2
10659.302287824281	750	10.405919469260152	0.0	358136	2321.110209048232	0.45	0.3
10662.085885348028	750	11.622321945513285	0.0	452035	2783.5975237468665	0.0	0.75
10663.30274864399	750	14.405458649551338	0.0	212467	1216.8632959619476	0.0	0.75
10664.686278024963	750	17.021929268577832	0.0	212764	1383.5293809735076	0.0	0.75
10667.349758984736	750	18.35844830880499	0.0	498076	2663.480959772839	0.0	0.75
10670.792443936309	1200	18.915763357232063	0.0	732887	3442.684951572932	0.45	0.75
10675.800152146823	1850	17.908055146716823	0.0	1068278	5007.708210515239	0.65	1.2000000000000002
10683.675764131784	1850	14.032443161756714	0.0	950673	7875.611984960109	0.0	1.85
10687.664261800031	1200	14.043945493509167	0.0	613909	3988.497668247547	0.65	0.5499999999999999
10692.007647969154	1200	13.70055932438598	0.0	712433	4343.386169123188	0.0	1.2
10698.552611874456	1200	11.155595419085271	0.0	685116	6544.9639053007095	0.0	1.2
10706.892398354474	1200	6.8158089390662155	0.0	583475	8339.786480019056	0.0	1.2
10711.073090362865	750	6.635116930675243	0.0	470303	4180.692008390973	0.45	0.3
10714.009764581126	750	7.698442712414778	0.0	258018	2936.674218260465	0.0	0.75
10715.497365430636	750	10.210841862904287	0.0	221946	1487.6008495104918	0.0	0.75
10716.271338759334	300	13.436868534205422	0.0	106134	773.9733286988654	0.45	-0.15000000000000002
10717.133368119255	300	16.574839174285763	0.0	119601	862.0293599196581	0.0	0.3
10719.856907868068	750	17.85129942547212	0.0	392588	2723.5397488136446	0.45	0.3
10721.583037710954	750	20.125169582586945	0.0	261042	1726.1298428851728	0.0	0.75
10723.944691473567	750	21.763515819972557	0.0	370437	2361.65376261439	0.0	0.75
10726.55416769342	750	23.154039600119194	0.0	375109	2609.4762198533604	0.0	0.75
10731.698231221611	1200	22.00997607192949	0.0	739591	5144.063528189705	0.45	0.75
10735.167083101142	1200	22.54112419239827	0.0	581068	3468.851879531218	0.0	1.2
10743.860850563788	1850	17.84735672975405	0.0	1009814	8693.76746264422	0.65	1.2000000000000002
10751.462700502785	1850	14.245506790756512	0.0	1092258	7601.849938997539	0.0	1.85
10755.127056893107	1200	14.581150400435103	0.0	621262	3664.356390321409	0.65	0.5499999999999999
10757.88825669077	1200	15.819950602771469	0.0	513933	2761.1997976636335	0.0	1.2
10768.730624426875	1200	8.97758286666641	0.0	734468	10842.36773610506	0.0	1.2
10772.923338524923	750	8.784868768619445	0.0	266795	4192.714098046965	0.45	0.3
10776.145384569918	750	9.56282272362284	0.0	236446	3222.046044996603	0.0	0.75
10778.593154945422	300	11.115052348119356	0.0	180513	2447.7703755034854	0.45	-0.15000000000000002
10780.535233179213	300	13.17297411432698	0.0	161516	1942.0782337923756	0.0	0.3
10782.248342781051	300	15.459864512489073	0.0	161042	1713.1096018379062	0.0	0.3
10783.803389776698	300	17.904817516843735	0.0	161603	1555.0469956453392	0.0	0.3
10784.924129301186	300	20.784077992356757	0.0	121636	1120.7395244869783	0.0	0.3
10788.401057342653	750	21.307149950888967	0.0	477065	3476.928041467789	0.45	0.3
10791.35653770527	750	22.351669588272685	0.0	486670	2955.4803626162816	0.0	0.75
10795.564074661168	1200	22.144132632373715	0.0	779573	4207.5369558989705	0.45	0.75
10800.1386186183	1850	21.569588675240094	0.0	903693	4574.543957133622	0.65	1.2000000000000002
10805.176809451317	2850	20.531397842222315	0.0	1104922	5038.19083301778	1.0	1.85

