13949.268987227328	300	4.0	0.6240319833487284	134752	624.0319833487284	0.0	-5.940319833487284
13949.756474256177	300	7.512512971151668	0.0	100931	487.48702884833267	0.0	0.3
13950.47335535912	300	10.79563186820795	0.0	161324	716.8811029437159	0.0	0.3
13951.257735053632	300	14.011252173696723	0.0	185986	784.3796945112286	0.0	0.3
13952.318459247213	750	16.950527980116867	0.0	253491	1060.724193579859	0.45	0.3
13953.535418050467	750	19.73356917686131	0.0	379669	1216.9588032555525	0.0	0.75
13954.376302353845	750	22.89268487348432	0.0	297133	840.8843033769934	0.0	0.75
13955.124016771551	750	26.144970455777546	0.0	254508	747.7144177067694	0.0	0.75
13956.12911271662	750	29.139874510707624	0.0	358136	1005.095945069923	0.0	0.75
13958.08756805021	1200	31.18141917711688	0.0	752035	1958.4553335907424	0.45	0.75
13959.615933325596	1200	33.6530539017321	0.0	512467	1528.3652753847866	0.0	1.2
13962.248335330505	1850	35.02065189682307	0.0	812764	2632.4020049090345	0.65	1.2000000000000002
13967.454537089774	1850	33.814450137554495	0.0	1098076	5206.201759268572	0.0	1.85
13970.616911907931	1850	34.65207531939636	0.0	1032887	3162.3748181581286	0.0	1.85
13973.47068811376	1850	35.79829911356724	0.0	1068278	2853.7762058291173	0.0	1.85
13977.004456168674	2850	36.26453105865271	0.0	1112764	3533.768054914539	1.0	1.85
13982.055290494336	2850	35.21369673299024	0.0	1532984	5050.834325662461	0.0	2.85
13985.66885677601	2850	35.60013045131562	0.0	1332887	3613.5662816746185	0.0	2.85
13991.802386121264	2850	33.466601106061724	0.0	1774961	6133.529345253895	0.0	2.85
13998.644973689861	2850	30.62401353746432	0.0	1738197	6842.5875685974015	0.0	2.85
14003.68286384003	2850	29.586123387298066	0.0	1183475	5037.890150166255	0.0	2.85
14012.517633339088	2850	24.751353888238526	0.0	1517421	8834.769499059541	0.0	2.85
14018.42138919293	1850	22.84759803439659	0.0	821946	5903.755853841936	1.0	0.8500000000000001
14029.463122049354	1850	15.805865177971791	0.0	959492	11041.732856424798	0.0	1.85
14035.123331564066	1200	14.145655663260332	0.0	711585	5660.2095147114605	0.65	0.5499999999999999
14041.42599265757	1200	11.842994569754515	0.0	692588	6302.661093505816	0.0	1.2
14046.103444620394	1200	11.165542606931922	0.0	561042	4677.4519628225935	0.0	1.2
14049.335976871154	750	11.933010356170845	0.0	370437	3232.5322507610767	0.45	0.3
14053.204254364036	750	12.064732863290148	0.0	375109	3868.2774928806975	0.0	0.75
14057.39510468228	750	11.873882545047127	0.0	439591	4190.850318243022	0.0	0.75
14061.097265280994	750	12.171721946332578	0.0	281068	3702.160598714548	0.0	0.75
14065.424112185243	750	11.8448750420835	0.0	409814	4326.846904249081	0.0	0.75
14066.903161187725	300	14.365826039602496	0.0	163354	1479.049002481002	0.45	-0.15000000000000002
14067.904318490573	300	17.36466873675581	0.0	108159	1001.1573028466872	0.0	0.3
14069.272613784447	300	19.996373442880905	0.0	158018	1368.2952938749065	0.0	0.3
14070.229270496431	300	23.039716730896558	0.0	121946	956.6567119843469	0.0	0.3
14071.208062324707	300	26.06092490262022	0.0	128420	978.7918282763385	0.0	0.3
14073.03749922607	750	28.231488001258537	0.0	236446	1829.4369013616806	0.45	0.3
14078.409494885937	1200	26.85949234139116	0.0	667775	5371.995659867377	0.45	0.75
14086.306414405846	1850	22.96257282148076	0.0	991562	7896.9195199104	0.65	1.2000000000000002
14094.123957053725	1850	19.14503017360374	0.0	982374	7817.542647877021	0.0	1.85
14098.192317181809	1200	19.076670045518863	0.0	504922	4068.3601280848793	0.65	0.5499999999999999
14104.901216708597	1200	16.367770518730055	0.0	639905	6708.899526788808	0.0	1.2
14109.349380851392	750	15.919606375934515	0.0	477065	4448.164142795539	0.45	0.3
14112.366502048513	750	16.9024851788125	0.0	486670	3017.1211971220137	0.0	0.75
14115.63152961493	750	17.63745761239562	0.0	479573	3265.0275664168794	0.0	0.75
14117.935675972984	750	19.33331125434119	0.0	303693	2304.146358054432	0.0	0.75
14120.535341602548	750	20.73364562477634	0.0	356943	2599.66562956485	0.0	0.75

