7383.714994984318	300	4.0	1.1868236902569977	134752	1186.8236902569977	0.0	-11.568236902569977
7384.613468690435	300	7.101526293882353	0.0	100931	898.473706117648	0.0	0.3
7385.653223651656	300	10.061771332661367	0.0	161324	1039.7549612209857	0.0	0.3
7387.052412720388	300	12.662582263929353	0.0	185986	1399.189068732013	0.0	0.3
7388.254821652942	300	15.460173331374843	0.0	153491	1202.4089325545099	0.0	0.3
7389.52574139957	300	18.18925358474777	0.0	150777	1270.9197466270703	0.0	0.3
7390.768208133268	300	20.9467868510493	0.0	148597	1242.4667336984728	0.0	0.3
7391.971004894847	300	23.74399008947038	0.0	161722	1202.7967615789219	0.0	0.3
7393.370221744449	300	26.344773239868267	0.0	197133	1399.2168496021118	0.0	0.3
7396.824058569776	750	26.8909364145409	0.0	452035	3453.8368253273675	0.45	0.3
7398.252711560561	750	29.46228342375682	0.0	212467	1428.6529907840766	0.0	0.75
7399.3247453636595	750	32.390249620658444	0.0	212764	1072.033803098378	0.0	0.75
7401.938091721678	750	33.77690326264052	0.0	498076	2613.3463580179155	0.0	0.75
7404.602958961146	750	35.1120360231718	0.0	432887	2664.867239468734	0.0	0.75
7407.922125422838	1200	35.79286956147983	0.0	768278	3319.1664616919625	0.45	0.75
7410.8844161485395	1200	36.830578835778404	0.0	650673	2962.2907257014326	0.0	1.2
7412.305132793078	750	39.40986219123956	0.0	313909	1420.7166445388448	0.45	0.3
7414.038199810627	750	41.676795173691076	0.0	412433	1733.0670175484872	0.0	0.75
7415.699516119325	750	44.015478864992616	0.0	385116	1661.3163086984541	0.0	0.75
7417.128018266744	750	46.586976717574075	0.0	283475	1428.5021474185417	0.0	0.75
7421.538021699437	1200	46.176973284881186	0.0	770303	4410.003432692896	0.45	0.75
7425.364841300149	1200	46.35015368416831	0.0	558018	3826.819600712869	0.0	1.2
7431.25155777437	1200	44.46343720994838	0.0	521946	5886.716474219934	0.0	1.2
7438.352823949009	1200	41.362171035309046	0.0	659492	7101.266174639338	0.0	1.2
7446.863915611783	1200	36.851079372534805	0.0	711585	8511.091662774237	0.0	1.2
7457.206959833883	1200	30.508035150435177	0.0	692588	10343.044222099626	0.0	1.2
7463.33539972769	1200	28.379595256628107	0.0	561042	6128.439893807071	0.0	1.2
7467.416098098501	1200	28.298896885817715	0.0	670437	4080.6983708103958	0.0	1.2
7471.766096402017	1200	27.948898582300906	0.0	675109	4349.998303516809	0.0	1.2
7476.490646461662	1200	27.224348522655376	0.0	739591	4724.550059645532	0.0	1.2
7479.511508918388	1200	28.20348606593007	0.0	581068	3020.8624567253078	0.0	1.2
7483.050507362079	1200	28.66448762223877	0.0	709814	3538.998443691301	0.0	1.2
7486.306323242961	1200	29.408671741356397	0.0	792258	3255.8158808823714	0.0	1.2
7489.538163399455	1200	30.17683158486287	0.0	621262	3231.8401564935275	0.0	1.2
7491.834851189245	1200	31.880143795073824	0.0	513933	2296.6877897890427	0.0	1.2
7498.159606169613	1850	29.555388814705054	0.0	1034468	6324.754980368773	0.65	1.2000000000000002
7505.640170313956	1850	26.074824670362187	0.0	866795	7480.564144342864	0.0	1.85
7518.252695188523	1850	17.46229979579485	0.0	836446	12612.524874567338	0.0	1.85
7531.077079973353	1850	8.637915010964628	0.0	967775	12824.384784830223	0.0	1.85
7538.558483871006	1200	5.1565111133126855	0.0	691562	7481.403897651941	0.65	0.5499999999999999
7543.575928481381	1200	4.139066502936544	0.0	682374	5017.444610376142	0.0	1.2
7547.2839323698845	1200	4.43106261443423	0.0	504922	3708.003888502313	0.0	1.2
7551.920739116666	1200	4.0	0.2057441323478697	639905	4636.8067467821	0.0	-0.8574413234786971
7559.107300248203	1200	4.0	3.186561131536715	777065	7186.561131536715	0.0	-30.66561131536715
7565.468469750166	750	4.0	2.361169501963014	486670	6361.169501963014	0.45	-23.31169501963014
7566.881926420737	300	6.586543329428637	0.0	144037	1413.4566705713632	0.45	-0.15000000000000002
7568.336999369179	300	9.131470380986787	0.0	181068	1455.072948441849	0.0	0.3
7569.6498868602375	300	11.818582889928033	0.0	178742	1312.8874910587544	0.0	0.3

