4578.349491134861	300	4.0	0.6783704929794913	134752	678.3704929794912	0.0	-6.4837049297949125
4578.877678413914	300	7.471812720947273	0.0	100931	528.1872790527268	0.0	0.3
4580.212162824626	300	10.13732831023524	0.0	161324	1334.4844107120334	0.0	0.3
4581.705101370331	300	12.64438976453049	0.0	185986	1492.9385457047476	0.0	0.3
4582.608170121013	300	15.74132101384863	0.0	153491	903.0687506818616	0.0	0.3
4583.326174196696	300	19.0233169381662	0.0	150777	718.0040756824316	0.0	0.3
4583.987300859166	300	22.362190275697177	0.0	148597	661.1266624690244	0.0	0.3
4584.65867530436	300	25.690815830501524	0.0	161722	671.3744451956507	0.0	0.3
4585.446972002786	300	28.902519132075238	0.0	197133	788.2966984262863	0.0	0.3
4588.138793580652	750	30.21069755420982	0.0	452035	2691.8215778654203	0.45	0.3
4589.165360280033	750	33.18413085482872	0.0	212467	1026.5666993811021	0.0	0.75
4591.500910772376	1200	34.84858036248514	0.0	512764	2335.5504923435797	0.45	0.75
4594.937641148517	1200	35.41184998634513	0.0	798076	3436.7303761400117	0.0	1.2
4598.259714733387	1200	36.08977640147448	0.0	732887	3322.0735848706445	0.0	1.2
4602.109680234173	1200	36.23981090068947	0.0	768278	3849.965500785018	0.0	1.2
4607.423225163607	1850	34.926265971254686	0.0	950673	5313.544929434777	0.65	1.2000000000000002
4612.46177411101	1850	33.88771702385264	0.0	913909	5038.548947402049	0.0	1.85
4617.580910151071	1850	32.768580983790486	0.0	1012433	5119.136040062151	0.0	1.85
4626.028342983735	2850	28.321148151126263	0.0	1774961	8447.43283266423	1.0	1.85
4634.533451540701	2850	23.81603959416022	0.0	1738197	8505.10855696604	0.0	2.85
4639.874133767278	2850	22.47535736758336	0.0	1183475	5340.682226576855	0.0	2.85
4644.132187208547	1850	22.217303926314223	0.0	858018	4258.053441269137	1.0	0.8500000000000001
4647.996127759809	1850	22.35336337505305	0.0	821946	3863.940551261173	0.0	1.85
4653.99228001259	1850	20.357211122271483	0.0	959492	5996.152252781565	0.0	1.85
4659.223730918821	1850	19.125760216040355	0.0	1011585	5231.450906231132	0.0	1.85
4664.541910978114	1200	17.807580156747395	0.0	692588	5318.180059292962	0.65	0.5499999999999999
4666.40710800414	750	19.94238313072069	0.0	261042	1865.1970260267049	0.45	0.3
4669.275950099191	750	21.073541035670225	0.0	370437	2868.8420950504656	0.0	0.75
4672.361973437494	750	21.987517697366428	0.0	375109	3086.023338303794	0.0	0.75
4675.47372085691	750	22.875770277950167	0.0	439591	3111.747419416262	0.0	0.75
4676.401715575296	300	25.947775559564153	0.0	124205	927.9947183860123	0.45	-0.15000000000000002
4677.372062975302	300	28.97742815955877	0.0	147805	970.347400005382	0.0	0.3
4679.7438061321245	750	30.605685002735665	0.0	492258	2371.743156823105	0.45	0.3
4681.218886523022	750	33.13060461183828	0.0	321262	1475.080390897385	0.0	0.75
4682.085893712994	750	36.263597421866045	0.0	213933	867.0071899722324	0.0	0.75
4685.543826518654	1200	36.80566461620725	0.0	734468	3457.9328056587956	0.45	0.75
4688.395776409091	1200	37.95371472576974	0.0	566795	2851.9498904375077	0.0	1.2
4690.728769642408	1200	39.62072149245314	0.0	536446	2332.993233316603	0.0	1.2
4695.303812212612	1850	39.04567892224979	0.0	967775	4575.042570203354	0.65	1.2000000000000002
4700.302011577505	2850	38.04747955735572	0.0	1113933	4998.199364894071	1.0	1.85
4707.630288539896	2850	34.71920259496493	0.0	1334468	7328.276962390788	0.0	2.85
4719.820156359912	2850	26.529334774950083	0.0	1691083	12189.86782001485	0.0	2.85
4727.664260766438	1850	22.685230368423355	0.0	939905	7844.104406526726	1.0	0.8500000000000001
4739.295986109851	1850	15.0535050250102	0.0	1077065	11631.725343413156	0.0	1.85
4748.174959769059	1200	10.174531365802338	0.0	786670	8878.973659207863	0.65	0.5499999999999999
4752.210677701662	750	10.138813433200244	0.0	479573	4035.717932602092	0.45	0.3
4753.541720706334	300	12.807770428528412	0.0	181068	1331.043004671832	0.45	-0.15000000000000002
4755.425875262637	300	14.92361587222378	0.0	178742	1884.154556304633	0.0	0.3

