8757.914700650797	300	4.0	1.7877817313165916	134752	1787.7817313165915	0.0	-17.577817313165916
8759.263950359154	300	6.650750291643569	0.0	100931	1349.2497083564303	0.0	0.3
8760.192973430962	300	9.72172721983683	0.0	161324	929.0230718067392	0.0	0.3
8761.509430518145	300	12.405270132654085	0.0	185986	1316.4570871827464	0.0	0.3
8763.039061788559	300	14.87563886224065	0.0	153491	1529.631270413435	0.0	0.3
8764.719469989366	300	17.195230661431918	0.0	150777	1680.4082008087314	0.0	0.3
8767.020018528878	750	18.894682121921	0.0	297133	2300.548539510918	0.45	0.3
8768.833278208243	750	21.08142244255503	0.0	254508	1813.2596793659673	0.0	0.75
8772.867517943158	750	21.047182707640975	0.0	358136	4034.239734914057	0.0	0.75
8779.391184929456	750	18.523515721342125	0.0	452035	6523.666986298848	0.0	0.75
8783.56985339714	750	18.344847253658376	0.0	212467	4178.66846768375	0.0	0.75
8787.98240979892	750	17.932290851877585	0.0	212764	4412.556401780793	0.0	0.75
8795.99171787427	750	13.922982776527638	0.0	498076	8009.308075349945	0.0	0.75
8799.45254074546	300	14.462159905338638	0.0	176784	3460.8228711889997	0.45	-0.15000000000000002
8801.60119140101	300	16.31350924978693	0.0	127732	2148.6506555517076	0.0	0.3
8802.951574908255	300	18.963125742542736	0.0	164342	1350.3835072441939	0.0	0.3
8804.124220188893	300	21.790480461904462	0.0	154205	1172.6452806382722	0.0	0.3
8806.920403642223	750	22.994297008574442	0.0	412433	2796.183453330021	0.45	0.3
8809.520414752478	750	24.39428589832009	0.0	385116	2600.011110254351	0.0	0.75
8810.96639862003	750	26.948302030768144	0.0	283475	1445.9838675519447	0.0	0.75
8812.996768175351	750	28.917932475446417	0.0	470303	2030.3695553217242	0.0	0.75
8817.2463033855	1200	28.668397265299383	0.0	558018	4249.5352101470335	0.45	0.75
8825.097724506319	1850	24.816976144480602	0.0	821946	7851.421120818781	0.65	1.2000000000000002
8832.96382511579	1850	20.95087553500833	0.0	959492	7866.1006094722725	0.0	1.85
8841.167497317605	1200	16.747203333194754	0.0	711585	8203.672201813577	0.65	0.5499999999999999
8844.987338146599	1200	16.927362504200257	0.0	692588	3819.8408289944955	0.0	1.2
8847.24296688932	1200	18.67173376147947	0.0	561042	2255.6287427207853	0.0	1.2
8850.323678147653	1200	19.59102250314617	0.0	670437	3080.7112583332996	0.0	1.2
8854.614151709693	1200	19.30054894110703	0.0	675109	4290.47356203914	0.0	1.2
8860.279736211169	1200	17.634964439630384	0.0	739591	5665.5845014766455	0.0	1.2
8865.593651863217	1200	16.321048787582576	0.0	581068	5313.915652047809	0.0	1.2
8871.595043632818	1200	14.319657017982252	0.0	709814	6001.391769600324	0.0	1.2
8879.788026619726	1200	10.126674031074424	0.0	792258	8192.982986907828	0.0	1.2
8897.550235590397	1200	4.0	7.635534939594734	621262	17762.20897066916	0.0	-75.15534939594734
8904.519766126814	750	4.0	2.969530536416236	213933	6969.530536416236	0.45	-29.39530536416236
8908.439525453823	300	4.08024067299006	0.0	121946	3919.7593270099396	0.45	-0.15000000000000002
8912.488300297573	300	4.0314658292394405	0.0	128420	4048.77484375062	0.0	0.3
8917.956843347472	300	4.0	1.4370772206602447	176603	5468.543049899685	0.0	-14.070772206602445
8923.233199174778	300	4.0	1.276355827305434	180513	5276.355827305434	0.0	-12.463558273054339
8927.883649139334	300	4.0	0.6504499645543992	161516	4650.449964554399	0.0	-6.204499645543992
8932.50189586644	300	4.0	0.6182467271076021	161042	4618.246727107602	0.0	-5.882467271076021
8937.235896010201	300	4.0	0.7340001437611791	161603	4734.000143761179	0.0	-7.0400014376117905
8940.787312830887	300	4.448583179314073	0.0	121636	3551.4168206859267	0.0	0.3
8944.664958197149	300	4.570937813053732	0.0	139365	3877.6453662603417	0.0	0.3
8946.847611041683	300	6.388284968517964	0.0	178996	2182.652844535767	0.0	0.3
8948.04294590282	300	9.19295010738118	0.0	144037	1195.3348611367853	0.0	0.3
8949.26191776255	300	11.973978247651518	0.0	181068	1218.9718597296626	0.0	0.3
8951.071862604509	750	14.164033405693779	0.0	356943	1809.9448419577393	0.45	0.3

