317.6806466741227	300	4.0	0.8116292189865839	134752	811.629218986584	0.0	-7.816292189865838
318.3086464715397	300	7.372000202583005	0.0	100931	627.999797416995	0.0	0.3
319.075948030705	300	10.604698643417716	0.0	161324	767.3015591652884	0.0	0.3
319.6392068841643	300	14.041439789958423	0.0	185986	563.2588534592949	0.0	0.3
321.1729505654583	750	16.507696108664472	0.0	253491	1533.743681293948	0.45	0.3
326.837589420996	750	14.84305725312679	0.0	379669	5664.638855537683	0.0	0.75
328.94477396527355	300	16.73587270884916	0.0	148597	2107.1845442776284	0.45	-0.15000000000000002
330.61277963990335	300	19.0678670342194	0.0	161722	1668.00567462976	0.0	0.3
333.56574755327364	750	20.11489912084913	0.0	358136	2952.9679133702703	0.45	0.3
340.1354752786518	1200	17.545171395470938	0.0	752035	6569.727725378193	0.45	0.75
341.9935340826851	750	19.68711259143766	0.0	212467	1858.0588040332777	0.45	0.3
343.7768196202235	750	21.903827053899274	0.0	212764	1783.285537538389	0.0	0.75
347.9672507408718	750	21.713395933250922	0.0	498076	4190.431120648352	0.0	0.75
349.2940837343471	300	24.386562939775636	0.0	176784	1326.8329934752883	0.45	-0.15000000000000002
350.60660552531346	300	27.074041148809307	0.0	127732	1312.5217909663277	0.0	0.3
352.64311366440984	300	29.037533009712913	0.0	164342	2036.5081390963965	0.0	0.3
354.24923666101546	300	31.431410013107282	0.0	154205	1606.1229966056314	0.0	0.3
355.5711191646706	300	34.10952750945212	0.0	158473	1321.8825036551623	0.0	0.3
356.51342257934107	300	37.16722409478173	0.0	112467	942.3034146703901	0.0	0.3
357.6096223448938	300	40.07102432922895	0.0	112764	1096.1997655527862	0.0	0.3
363.61021462877426	750	38.07043204534846	0.0	470303	6000.592283880481	0.45	0.3
366.4061717093979	750	39.27447496472484	0.0	258018	2795.9570806236225	0.0	0.75
368.374447274868	750	41.30619939925476	0.0	221946	1968.2755654700802	0.0	0.75
371.4238751251075	750	42.25677154901527	0.0	359492	3049.4278502394886	0.0	0.75
376.8076762220772	1200	40.872970452045585	0.0	711585	5383.801096969682	0.45	0.75
382.1740641411723	1200	39.50658253295039	0.0	692588	5366.387919095197	0.0	1.2
386.8260577857919	1200	38.85458888833088	0.0	561042	4651.993644619508	0.0	1.2
394.48815536254233	1850	35.19249131158047	0.0	970437	7662.097576750415	0.65	1.2000000000000002
403.11293491296675	1850	30.567711761156062	0.0	975109	8624.779550424406	0.0	1.85
412.49759865189594	1850	25.183048022226874	0.0	1039591	9384.663738929186	0.0	1.85
416.29229746357714	1200	25.388349210545684	0.0	581068	3794.6988116811935	0.65	0.5499999999999999
421.5276762392846	1200	24.152970434838206	0.0	709814	5235.378775707475	0.0	1.2
427.7042359208188	1200	21.97641075330399	0.0	792258	6176.559681534219	0.0	1.2
430.06738171223435	750	23.613264961888444	0.0	321262	2363.145791415546	0.45	0.3
431.79108987327845	750	25.889556800844346	0.0	213933	1723.7081610440932	0.0	0.75
432.8824897651068	300	28.798156909015972	0.0	121946	1091.399891828375	0.45	-0.15000000000000002
435.3351977379103	750	30.345448936212502	0.0	266795	2452.707972803469	0.45	0.3
437.4257471753571	750	32.25489949876563	0.0	236446	2090.549437446874	0.0	0.75
443.52253789041447	1200	30.158108783708276	0.0	667775	6096.790715057357	0.45	0.75
455.5301307681868	1850	22.150515905936015	0.0	991562	12007.592877772258	0.65	1.2000000000000002
462.2415761714006	1200	19.43907050272219	0.0	682374	6711.445403213828	0.65	0.5499999999999999
464.53347030462	750	21.14717636950282	0.0	204922	2291.89413321937	0.45	0.3
466.0619145828285	300	23.61873209129432	0.0	121636	1528.4442782085018	0.45	-0.15000000000000002
467.786577541458	300	25.8940691326648	0.0	139365	1724.6629586295155	0.0	0.3
469.98141614091924	300	27.699230533203497	0.0	178996	2194.838599461307	0.0	0.3
472.2051706867429	300	29.475475987379845	0.0	144037	2223.754545823651	0.0	0.3
474.6533097255249	300	31.02733694859792	0.0	181068	2448.139038781927	0.0	0.3
477.0915354442082	300	32.58911122991459	0.0	178742	2438.2257186833267	0.0	0.3

