13597.474734749992	300	4.0	1.597596947601862	134752	1597.5969476018622	0.0	-15.67596947601862
13598.678562852472	300	6.796171897521951	0.0	100931	1203.828102478049	0.0	0.3
13599.893546005093	300	9.58118874490177	0.0	161324	1214.9831526201806	0.0	0.3
13601.500379022911	300	11.97435572708325	0.0	185986	1606.8330178185215	0.0	0.3
13602.883964568231	300	14.590770181762526	0.0	153491	1383.5855453207248	0.0	0.3
13604.218655705617	300	17.256079044375785	0.0	150777	1334.6911373867426	0.0	0.3
13605.577405284574	300	19.89732946541999	0.0	148597	1358.7495789557943	0.0	0.3
13606.843588584614	300	22.631146165381658	0.0	161722	1266.1833000383315	0.0	0.3
13608.240844220802	300	25.233890529193182	0.0	197133	1397.2556361884765	0.0	0.3
13609.281417487298	300	28.193317262696464	0.0	154508	1040.5732664967177	0.0	0.3
13610.176150282798	300	31.29858446719794	0.0	127064	894.7327954985238	0.0	0.3
13610.951630775073	300	34.52310397492364	0.0	106819	775.4804922742958	0.0	0.3
13612.496353474166	300	36.97838127583002	0.0	167782	1544.7226990936226	0.0	0.3
13613.998095444676	300	39.47663930532044	0.0	176784	1501.7419705095833	0.0	0.3
13615.090823826858	300	42.38391092313662	0.0	127732	1092.7283821838232	0.0	0.3
13617.58073879705	750	43.893995952945836	0.0	350673	2489.9149701907804	0.45	0.3
13619.932057424301	750	45.54267732569521	0.0	313909	2351.3186272506255	0.0	0.75
13626.534484090856	1200	42.940250659140105	0.0	712433	6602.426666555102	0.45	0.75
13632.375664135192	1200	41.099070614805775	0.0	685116	5841.180044334329	0.0	1.2
13637.116703077238	1200	40.358031672759665	0.0	583475	4741.038942046108	0.0	1.2
13643.273353248876	1200	38.201381501121304	0.0	770303	6156.650171638363	0.0	1.2
13646.650062830018	1200	38.82467191997892	0.0	558018	3376.7095811423837	0.0	1.2
13649.93478780535	1200	39.53994694464614	0.0	521946	3284.7249753327787	0.0	1.2
13655.111850443114	1200	38.36288430688255	0.0	659492	5177.0626377635845	0.0	1.2
13660.594189324791	1200	36.88054542520574	0.0	711585	5482.338881676816	0.0	1.2
13666.370938083943	1200	35.103796666053015	0.0	692588	5776.748759152723	0.0	1.2
13671.603294483775	1200	33.87144026622037	0.0	561042	5232.35639983265	0.0	1.2
13677.491907320713	1200	31.982827429282516	0.0	670437	5888.612836937851	0.0	1.2
13685.410139482836	1200	28.06459526716044	0.0	675109	7918.232162122074	0.0	1.2
13699.86034500536	1200	17.614389744636725	0.0	739591	14450.205522523713	0.0	1.2
13703.94682834336	750	17.527906406635964	0.0	281068	4086.4833380007644	0.45	0.3
13710.134595487501	750	15.340139262493896	0.0	409814	6187.767144142069	0.0	0.75
13711.605302304655	300	17.86943244533923	0.0	163354	1470.7068171546662	0.45	-0.15000000000000002
13712.580684855977	300	20.894049894016845	0.0	108159	975.3825513223843	0.0	0.3
13713.833051020987	300	23.641683729006115	0.0	158018	1252.3661650107288	0.0	0.3
13716.859780862718	750	24.614953887275036	0.0	434468	3026.72984173108	0.45	0.3
13719.187991125867	750	26.286743624126224	0.0	266795	2328.210263148807	0.0	0.75
13720.921243846622	750	28.55349090337171	0.0	236446	1733.2527207545172	0.0	0.75
13723.309124302099	750	30.165610447894263	0.0	367775	2387.8804554774483	0.0	0.75
13727.64045458424	1200	29.83428016575414	0.0	691562	4331.3302821401185	0.45	0.75
13732.711436143947	1200	28.7632986060452	0.0	682374	5070.981559708941	0.0	1.2
13736.096681601564	1200	29.378053148430276	0.0	504922	3385.245457614925	0.0	1.2
13740.048501032974	1200	29.426233717019173	0.0	639905	3951.819431411105	0.0	1.2
13747.284361522079	1200	26.190373227915938	0.0	777065	7235.860489103235	0.0	1.2
13752.705925386561	750	24.768809363434276	0.0	486670	5421.563864481662	0.45	0.3
13756.711905403998	750	24.76282934599801	0.0	479573	4005.9800174362663	0.0	0.75
13761.2252152643	1200	24.249519485696382	0.0	603693	4513.309860301631	0.45	0.75
13768.553569031965	1200	20.921165718030693	0.0	656943	7328.353767665687	0.0	1.2

