5241.440834370213	300	4.0	0.6259726444056591	134752	625.9726444056591	0.0	-5.959726444056591
5242.875790767578	750	6.56504360263552	0.0	332003	1434.95639736448	0.45	0.3
5246.038095640429	1200	7.402738729785378	0.0	717058	3162.3048728501412	0.45	0.75
5256.2755009792345	1200	4.0	2.834666609020496	750960	10237.405338805875	0.0	-27.146666090204963
5258.4571357002105	750	5.818365279023278	0.0	253491	2181.634720976722	0.45	0.3
5259.640145076923	300	8.63535590231122	0.0	150777	1183.0093767120588	0.45	-0.15000000000000002
5260.6382925256685	300	11.63720845356609	0.0	148597	998.1474487451294	0.0	0.3
5262.167635334723	300	14.107865644512422	0.0	161722	1529.3428090536686	0.0	0.3
5264.233764323166	300	16.041736656069812	0.0	197133	2066.128988442607	0.0	0.3
5267.845002667735	750	16.430498311501434	0.0	452035	3611.2383445683818	0.45	0.3
5269.175794757515	750	19.099706221720364	0.0	212467	1330.7920897810693	0.0	0.75
5270.405410009608	750	21.870090969626556	0.0	212764	1229.6152520938094	0.0	0.75
5274.492200759393	1200	21.783300219842044	0.0	798076	4086.790749784513	0.45	0.75
5278.167544246774	1200	22.107956732461115	0.0	732887	3675.343487380926	0.0	1.2
5282.15442894238	1200	22.121072036854894	0.0	768278	3986.884695606223	0.0	1.2
5292.160126730356	1850	16.11537424887986	0.0	950673	10005.697787975032	0.65	1.2000000000000002
5304.515577607279	1200	7.75992337195634	0.0	613909	12355.450876923522	0.65	0.5499999999999999
5311.163516483415	750	5.111984495820481	0.0	412433	6647.938876135859	0.45	0.3
5312.316803199362	300	7.958697779873692	0.0	112467	1153.2867159467894	0.45	-0.15000000000000002
5313.358133599224	300	10.917367380012182	0.0	112764	1041.3303998615106	0.0	0.3
5314.439807883046	300	13.835693096189106	0.0	139768	1081.6742838230757	0.0	0.3
5315.171798340627	300	17.103702638608883	0.0	109931	731.990457580222	0.0	0.3
5316.611852181592	750	19.66364879764409	0.0	221946	1440.0538409647904	0.45	0.3
5319.948630457653	750	20.32687052158358	0.0	359492	3336.7782760605137	0.0	0.75
5324.206425136605	750	20.069075842631655	0.0	411585	4257.7946789519265	0.0	0.75
5330.236170052101	750	18.03933092713429	0.0	392588	6029.744915497361	0.0	0.75
5333.332652965602	750	18.942848013633366	0.0	261042	3096.4829135009245	0.0	0.75
5336.512248835631	750	19.763252143605182	0.0	370437	3179.595870028184	0.0	0.75
5339.039763592248	750	21.235737386988244	0.0	375109	2527.514756616938	0.0	0.75
5340.968453915006	750	23.307047064230865	0.0	439591	1928.6903227573769	0.0	0.75
5342.18940725255	750	26.08609372668585	0.0	281068	1220.9533375450167	0.0	0.75
5344.290636349247	750	27.9848646299896	0.0	409814	2101.22909669625	0.0	0.75
5348.075662868381	1200	28.199838110854998	0.0	792258	3785.0265191346016	0.45	0.75
5351.913553429449	1850	28.361947549787324	0.0	921262	3837.890561067675	0.65	1.2000000000000002
5355.20278798683	1850	29.07271299240605	0.0	813933	3289.234557381273	0.0	1.85
5359.604419927095	1850	28.67108105214165	0.0	1034468	4401.631940264402	0.0	1.85
5363.389417965111	1850	28.88608301412526	0.0	866795	3784.998038016392	0.0	1.85
5369.260649531505	2850	27.014851447730827	0.0	1309814	5871.231566394431	1.0	1.85
5386.214100594257	2850	14.061400384978555	0.0	1221262	16953.451062752272	0.0	2.85
5392.462294848704	1850	11.81320613053214	0.0	991562	6248.194254446414	1.0	0.8500000000000001
5396.226978719413	1200	12.048522259823248	0.0	682374	3764.6838707088946	0.65	0.5499999999999999
5397.369228223928	750	14.906272755306942	0.0	204922	1142.2495045163041	0.45	0.3
5399.150115671322	750	17.125385307913334	0.0	339905	1780.8874473936094	0.0	0.75
5399.858712690133	300	20.4167882891025	0.0	139365	708.5970188108316	0.45	-0.15000000000000002
5402.353363465694	750	21.922137513541557	0.0	486670	2494.6507755609423	0.45	0.3
5405.984959316762	1200	22.29054166247299	0.0	779573	3631.595851068572	0.45	0.75
5411.162846139552	1850	21.112654839682786	0.0	903693	5177.886822790202	0.65	1.2000000000000002
5417.201487425207	2850	19.07401355402726	0.0	1104922	6038.641285655524	1.0	1.85

