16933.02139545237	300	4.0	1.5756027889410236	134752	1575.6027889410236	0.0	-15.456027889410235
16934.221621386612	300	6.799774065760757	0.0	100931	1200.2259342392429	0.0	0.3
16935.843639099094	300	9.177756353279365	0.0	161324	1622.0177124813936	0.0	0.3
16937.598665746984	300	11.422729705392094	0.0	185986	1755.0266478872709	0.0	0.3
16939.662143501275	750	13.359251951099338	0.0	253491	2063.477754292755	0.45	0.3
16942.22288353339	750	14.798511918980218	0.0	379669	2560.740032119121	0.0	0.75
16944.725258091326	750	16.29613736104582	0.0	297133	2502.3745579343986	0.0	0.75
16945.986549902747	300	19.034845549623636	0.0	161722	1261.2918114221843	0.45	-0.15000000000000002
16947.53360518952	300	21.48779026285017	0.0	197133	1547.055286773467	0.0	0.3
16948.800841155935	300	24.220554296436198	0.0	154508	1267.2359664139678	0.0	0.3
16949.823272030524	300	27.198123421845	0.0	127064	1022.430874591197	0.0	0.3
16951.48725027987	750	29.53414517249923	0.0	212764	1663.978249345771	0.45	0.3
16955.572547299806	750	29.44884815256428	0.0	498076	4085.2970199349475	0.0	0.75
16960.29637940691	750	28.725016045460944	0.0	432887	4723.83210710334	0.0	0.75
16969.535219010024	1200	23.4861764423443	0.0	768278	9238.839603116645	0.45	0.75
16975.69319466002	750	21.328200792349158	0.0	350673	6157.975649995139	0.45	0.3
16978.35155990422	300	22.66983554815115	0.0	154205	2658.3652441980084	0.45	-0.15000000000000002
16981.187293333027	300	23.834102119342532	0.0	158473	2835.7334288086154	0.0	0.3
16982.75848538975	300	26.26291006262115	0.0	112467	1571.1920567213851	0.0	0.3
16983.901577861176	300	29.11981759119703	0.0	112764	1143.0924714241169	0.0	0.3
16988.04832910537	750	28.973066347001414	0.0	470303	4146.751244195617	0.45	0.3
16990.019527687607	750	31.001867764761123	0.0	258018	1971.1985822402935	0.0	0.75
16991.781952105204	750	33.23944334716402	0.0	221946	1762.4244175971019	0.0	0.75
16996.195760658185	750	32.8256347941832	0.0	359492	4413.808552980821	0.0	0.75
17006.462390950877	1200	26.5590045014905	0.0	711585	10266.630292692702	0.45	0.75
17011.23393546456	750	25.78745998780603	0.0	392588	4771.544513684463	0.45	0.3
17014.46186340947	750	26.55953204289443	0.0	261042	3227.927944911605	0.0	0.75
17018.493784339877	750	26.52761111248963	0.0	370437	4031.9209304047977	0.0	0.75
17022.658361291316	750	26.36303416104759	0.0	375109	4164.576951442039	0.0	0.75
17024.85421005781	300	28.16718539455282	0.0	183475	2195.8487664947697	0.45	-0.15000000000000002
17028.74421880849	750	28.2771766438703	0.0	281068	3890.0087506825203	0.45	0.3
17035.248167616155	750	25.773227836206583	0.0	409814	6503.948807663712	0.0	0.75
17046.541075578043	1200	18.480319874321907	0.0	792258	11292.907961884677	0.45	0.75
17050.994572581578	750	18.026822870786305	0.0	321262	4453.497003535603	0.45	0.3
17053.028310352318	300	19.993085100044826	0.0	158018	2033.737770741477	0.45	-0.15000000000000002
17054.69468228635	300	22.32671316601245	0.0	121946	1666.3719340323773	0.0	0.3
17056.55825834789	300	24.46313710447355	0.0	128420	1863.5760615388992	0.0	0.3
17059.3177905447	300	25.703604907666055	0.0	176603	2759.5321968074973	0.0	0.3
17066.054172237727	750	22.967223214639116	0.0	367775	6736.381693026939	0.45	0.3
17069.429493021715	300	23.591902430650503	0.0	161516	3375.320783988611	0.45	-0.15000000000000002
17073.18055405022	300	23.840841402145426	0.0	161042	3751.061028505076	0.0	0.3
17078.007553324085	300	23.01384212828262	0.0	161603	4826.999273862805	0.0	0.3
17080.456814309844	300	24.564581142523714	0.0	121636	2449.2609857589046	0.0	0.3
17082.664779523435	300	26.356615928929603	0.0	139365	2207.965213594109	0.0	0.3
17086.65275933518	300	26.368636117185595	0.0	178996	3987.9798117440114	0.0	0.3
17090.193476252352	300	26.827919200014737	0.0	144037	3540.7169171708574	0.0	0.3
17098.121762814517	750	22.899632637845848	0.0	303693	7928.28656216889	0.45	0.3
17106.6896478231	750	18.331747629265855	0.0	356943	8567.885008579995	0.0	0.75

