9774.336868441515	300	4.0	0.7605251444486205	134752	760.5251444486205	0.0	-7.305251444486205
9774.926590622665	300	7.41027781884986	0.0	100931	589.7221811501404	0.0	0.3
9776.17312056781	300	10.163747873705793	0.0	161324	1246.529945144067	0.0	0.3
9777.185832200887	300	13.151036240629042	0.0	185986	1012.7116330767517	0.0	0.3
9778.01389843239	300	16.322970009126447	0.0	153491	828.0662315025954	0.0	0.3
9778.794740902733	300	19.542127538783117	0.0	150777	780.8424703433327	0.0	0.3
9779.541207844308	300	22.795660597207974	0.0	148597	746.4669415751398	0.0	0.3
9780.690690170377	750	25.646178271137444	0.0	254508	1149.4823260705323	0.45	0.3
9782.383025679197	750	27.953842762318313	0.0	358136	1692.3355088191324	0.0	0.75
9785.57027719277	750	28.76659124874542	0.0	452035	3187.251513572889	0.0	0.75
9789.857306560441	1200	28.47956188107243	0.0	512467	4287.029367672992	0.45	0.75
9797.969811110355	1850	24.367057331158833	0.0	812764	8112.504549913597	0.65	1.2000000000000002
9804.608441937684	1850	21.728426503830892	0.0	1098076	6638.630827327944	0.0	1.85
9808.565174881865	1200	21.771693559647005	0.0	732887	3956.7329441838842	0.65	0.5499999999999999
9812.10935282221	1200	22.227515619301972	0.0	768278	3544.1779403450364	0.0	1.2
9815.100259667528	1200	23.236608773983253	0.0	650673	2990.9068453187183	0.0	1.2
9821.205717269833	1850	21.131151171677097	0.0	913909	6105.457602306156	0.65	1.2000000000000002
9828.913048139842	1850	17.42382030166854	0.0	1012433	7707.330870008564	0.0	1.85
9834.44900937498	1850	15.887859066530234	0.0	985116	5535.961235138302	0.0	1.85
9847.34095044527	1850	6.995917996240194	0.0	883475	12891.94107029004	0.0	1.85
9854.635892858552	1200	4.0	0.2990244170416654	770303	7294.942413281859	0.65	-2.440244170416654
9856.365413591378	750	6.270479267173183	0.0	258018	1729.5207328268173	0.45	0.3
9857.334225682855	300	9.301667175697366	0.0	135932	968.8120914758152	0.45	-0.15000000000000002
9858.119052902777	300	12.516839955774785	0.0	106134	784.8272199225813	0.0	0.3
9859.073488705651	300	15.562404152899262	0.0	119601	954.4358028755225	0.0	0.3
9860.101941214416	300	18.53395164413438	0.0	141082	1028.4525087648822	0.0	0.3
9861.039769694411	300	21.596123164139815	0.0	143746	937.8284799945653	0.0	0.3
9862.27443276576	300	24.36146009278972	0.0	181361	1234.6630713500954	0.0	0.3
9863.34937000389	300	27.286522854659417	0.0	154044	1074.9372381303042	0.0	0.3
9864.521548308854	300	30.114344549694238	0.0	183475	1172.1783049651801	0.0	0.3
9866.718725597531	750	31.917167261018925	0.0	281068	2197.177288675312	0.45	0.3
9868.95718026273	750	33.67871259581803	0.0	409814	2238.4546652008944	0.0	0.75
9874.518670406978	1200	32.11722245157055	0.0	792258	5561.49014424748	0.45	0.75
9878.717412249007	1200	31.918480609542176	0.0	621262	4198.7418420283675	0.0	1.2
9883.687699711803	1200	30.948193146745012	0.0	513933	4970.287462797166	0.0	1.2
9888.472898440856	1200	30.162994417691223	0.0	734468	4785.198729053785	0.0	1.2
9890.576603124875	750	32.05928973367215	0.0	266795	2103.7046840190756	0.45	0.3
9892.646438022277	750	33.989454836271136	0.0	236446	2069.834897401016	0.0	0.75
9894.891015524294	750	35.74487733425374	0.0	367775	2244.5775020173955	0.0	0.75
9896.993735461987	750	37.642157396561295	0.0	391562	2102.719937692449	0.0	0.75
9899.147792452994	750	39.488100405556345	0.0	382374	2154.056991004945	0.0	0.75
9901.744553525932	750	40.891339332617456	0.0	204922	2596.761072938887	0.0	0.75
9908.342341769516	750	38.293551089034054	0.0	339905	6597.788243583405	0.0	0.75
9914.669112732621	750	35.96678012592971	0.0	477065	6326.770963104335	0.0	0.75
9921.104466687746	750	33.53142617080352	0.0	486670	6435.353955126193	0.0	0.75
9927.998265684293	1200	30.637627174256075	0.0	779573	6893.798996547444	0.45	0.75
9931.74147848361	1200	30.894414374939632	0.0	603693	3743.212799316445	0.0	1.2
9935.444802790838	1200	31.191090067710537	0.0	656943	3703.3243072290943	0.0	1.2

