4533.892968623958	300	4.0	1.7530700499468987	134752	1753.0700499468987	0.0	-17.230700499468988
4535.036941798336	300	6.856026825621562	0.0	100931	1143.9731743784375	0.0	0.3
4536.668581575088	300	9.224387048869279	0.0	161324	1631.6397767522826	0.0	0.3
4542.944416021082	750	6.94855260287498	0.0	450960	6275.834445994299	0.45	0.3
4544.8237435654055	300	9.069225058551693	0.0	153491	1879.327544323288	0.45	-0.15000000000000002
4546.870775437447	300	11.022193186510032	0.0	150777	2047.0318720416594	0.0	0.3
4548.847032639296	300	13.045935984661478	0.0	148597	1976.257201848555	0.0	0.3
4551.122454379452	300	14.770514244504874	0.0	161722	2275.4217401566048	0.0	0.3
4554.775035134245	300	15.117933489712092	0.0	197133	3652.580754792782	0.0	0.3
4557.10055294493	300	16.792415679026888	0.0	154508	2325.5178106851995	0.0	0.3
4558.263744405952	300	19.629224218005152	0.0	127064	1163.1914610217398	0.0	0.3
4559.770941801139	750	22.122026822818086	0.0	212764	1507.1973951870632	0.45	0.3
4565.496339276127	1200	20.396629347829737	0.0	798076	5725.397474988347	0.45	0.75
4570.720496691896	1200	19.172471932060958	0.0	732887	5224.15741576878	0.0	1.2
4576.454089596913	1200	17.43887902704469	0.0	768278	5733.592905016271	0.0	1.2
4580.9726234966165	1200	16.920345127341868	0.0	650673	4518.533899702821	0.0	1.2
4585.639880770989	1200	16.253087852968157	0.0	613909	4667.257274373713	0.0	1.2
4591.4152154848525	1200	14.477753139105408	0.0	712433	5775.334713862748	0.0	1.2
4595.199656192321	750	14.693312431637883	0.0	385116	3784.4407074675237	0.45	0.3
4596.263525952829	300	17.62944267112886	0.0	112764	1063.8697605090224	0.45	-0.15000000000000002
4597.997808744575	300	19.895159879383097	0.0	139768	1734.2827917457655	0.0	0.3
4599.745359351715	300	22.1476092722426	0.0	109931	1747.5506071404952	0.0	0.3
4602.937558303146	750	22.95541032081222	0.0	221946	3192.1989514303796	0.45	0.3
4606.22009394598	750	23.672874677978097	0.0	359492	3282.535642834125	0.0	0.75
4609.279385642522	750	24.613582981435933	0.0	411585	3059.291696542163	0.0	0.75
4613.988367449959	1200	23.904601173999115	0.0	692588	4708.981807436815	0.45	0.75
4619.383863209846	1200	22.50910541411252	0.0	561042	5395.4957598865985	0.0	1.2
4626.181895931212	1200	19.711072692746082	0.0	670437	6798.032721366435	0.0	1.2
4632.3712803072085	1200	17.521688316750247	0.0	675109	6189.384375995835	0.0	1.2
4639.543402238989	1200	14.349566384969275	0.0	739591	7172.121931780969	0.0	1.2
4644.7075992075615	1200	13.185369416397473	0.0	581068	5164.196968571803	0.0	1.2
4649.345682725253	750	12.54728589870605	0.0	409814	4638.0835176914225	0.45	0.3
4656.471397970983	750	9.421570652975815	0.0	492258	7125.7152457302345	0.0	0.75
4662.403895797311	750	7.489072826648206	0.0	321262	5932.497826327609	0.0	0.75
4664.54966890281	300	9.343299721149128	0.0	158018	2145.77310549908	0.45	-0.15000000000000002
4665.812303794954	300	12.08066482900525	0.0	121946	1262.6348921438776	0.0	0.3
4667.03958077923	300	14.853387844729397	0.0	128420	1227.2769842758544	0.0	0.3
4669.566204147454	750	16.326764476505478	0.0	236446	2526.623368223918	0.45	0.3
4673.671103857669	750	16.221864766291063	0.0	367775	4104.899710214417	0.0	0.75
4680.968076626675	1200	12.924891997286233	0.0	691562	7296.972769004829	0.45	0.75
4689.083798278717	1200	8.809170345243395	0.0	682374	8115.721652042838	0.0	1.2
4691.8113950826955	750	10.081573541264985	0.0	204922	2727.5968039784084	0.45	0.3
4693.392694189965	300	12.50027443399464	0.0	121636	1581.2991072703446	0.45	-0.15000000000000002
4694.953194160929	300	14.939774463030963	0.0	139365	1560.4999709636777	0.0	0.3
4696.46084430652	300	17.432124317439587	0.0	178996	1507.6501455913758	0.0	0.3
4697.575415817556	300	20.317552806403647	0.0	144037	1114.5715110359367	0.0	0.3
4699.696813803612	750	22.196154820347196	0.0	303693	2121.3979860564486	0.45	0.3
4703.211021296322	750	22.68194732763794	0.0	356943	3514.2074927092567	0.0	0.75

