11751.872319766062	300	4.0	1.6370570557873787	134752	1637.0570557873787	0.0	-16.070570557873786
11753.118575745177	300	6.753744020885211	0.0	100931	1246.2559791147883	0.0	0.3
11755.003903531719	300	8.868416234341975	0.0	161324	1885.3277865432356	0.0	0.3
11759.107170893394	750	8.765148872667202	0.0	450960	4103.267361674772	0.45	0.3
11761.579421504373	750	10.292898261688503	0.0	253491	2472.2506109787014	0.0	0.75
11764.97122146564	750	10.901098300421134	0.0	379669	3391.7999612673693	0.0	0.75
11767.660241085658	750	12.21207868040345	0.0	297133	2689.019620017685	0.0	0.75
11769.819976222938	750	14.052343543124273	0.0	254508	2159.7351372791763	0.0	0.75
11773.139596174613	750	14.73272359144908	0.0	358136	3319.619951675193	0.0	0.75
11776.827442177175	750	15.04487758888739	0.0	452035	3687.84600256169	0.0	0.75
11778.838724633362	750	17.033595132700132	0.0	212467	2011.2824561872571	0.0	0.75
11781.151289786618	750	18.721029979444708	0.0	212764	2312.565153255422	0.0	0.75
11787.217073166747	750	16.655246599315564	0.0	498076	6065.783380129146	0.0	0.75
11791.045858356712	750	16.8264614093493	0.0	432887	3828.785189966263	0.0	0.75
11795.424013842397	750	16.448305923663202	0.0	468278	4378.155485686097	0.0	0.75
11798.855527377886	750	17.016792388176125	0.0	350673	3431.5135354870813	0.0	0.75
11801.696560867666	750	18.175758898395582	0.0	313909	2841.0334897805396	0.0	0.75
11807.24486656926	750	16.627453196803007	0.0	412433	5548.305701592576	0.0	0.75
11812.34276426254	750	15.529555503522598	0.0	385116	5097.897693280407	0.0	0.75
11816.482148224113	750	15.390171541947746	0.0	283475	4139.383961574853	0.0	0.75
11822.293172243424	750	13.579147522637102	0.0	470303	5811.024019310644	0.0	0.75
11824.228557520832	750	15.643762245229016	0.0	258018	1935.3852774080856	0.0	0.75
11826.048013301168	750	17.824306464893183	0.0	221946	1819.455780335832	0.0	0.75
11829.049493100682	750	18.822826665379186	0.0	359492	3001.479799513994	0.0	0.75
11833.744480784006	750	18.12783898205431	0.0	411585	4694.987683324876	0.0	0.75
11837.282584502798	750	18.589735263263712	0.0	392588	3538.103718790595	0.0	0.75
11839.483556423429	750	20.38876334263224	0.0	261042	2200.9719206314703	0.0	0.75
11844.149552072102	750	19.722767693959813	0.0	370437	4665.99564867243	0.0	0.75
11847.000763529222	750	20.8715562368392	0.0	375109	2851.2114571206125	0.0	0.75
11850.82457491448	750	21.047744851580095	0.0	439591	3823.8113852591077	0.0	0.75
11852.919553304102	750	22.952766461958635	0.0	281068	2094.9783896214594	0.0	0.75
11855.704810020085	750	24.1675097459749	0.0	409814	2785.256715983736	0.0	0.75
11860.839190227278	750	23.033129538783506	0.0	492258	5134.380207191398	0.0	0.75
11866.649787497858	750	21.22253226820394	0.0	321262	5810.597270579569	0.0	0.75
11870.468707019138	750	21.403612746924075	0.0	213933	3818.919521279863	0.0	0.75
11875.80916968932	750	20.06315007674067	0.0	434468	5340.462670183406	0.0	0.75
11878.99684941316	750	20.87547035290118	0.0	266795	3187.6797238394915	0.0	0.75
11882.163256953294	750	21.70906281276789	0.0	236446	3166.4075401332893	0.0	0.75
11886.907332448278	750	20.964987317784317	0.0	367775	4744.075494983574	0.0	0.75
11892.573823439741	750	19.298496326320286	0.0	391562	5666.490991464029	0.0	0.75
11896.663960977143	750	19.208358788919078	0.0	382374	4090.137537401209	0.0	0.75
11898.664088160114	750	21.20823160594753	0.0	204922	2000.1271829715477	0.0	0.75
11903.010266864585	750	20.862052901476307	0.0	339905	4346.178704471221	0.0	0.75
11910.6778179525	750	17.1945018135606	0.0	477065	7667.55108791571	0.0	0.75
11918.426344889796	750	13.44597487626463	0.0	486670	7748.52693729597	0.0	0.75
11925.668629262174	750	10.203690503888906	0.0	479573	7242.284372375725	0.0	0.75
11931.018397399957	750	8.853922366104834	0.0	303693	5349.76813778407	0.0	0.75
11936.158298705457	750	7.714021060606813	0.0	356943	5139.901305498021	0.0	0.75

