9918.507530891387	300	4.0	0.7605251444486205	134752	760.5251444486205	0.0	-7.305251444486205
9919.097253072538	300	7.41027781884986	0.0	100931	589.7221811501404	0.0	0.3
9920.343783017683	300	10.163747873705793	0.0	161324	1246.529945144067	0.0	0.3
9921.35649465076	300	13.151036240629042	0.0	185986	1012.7116330767517	0.0	0.3
9922.18456088226	300	16.322970009126447	0.0	153491	828.0662315025954	0.0	0.3
9922.965403352606	300	19.542127538783117	0.0	150777	780.8424703433327	0.0	0.3
9923.711870294179	300	22.795660597207974	0.0	148597	746.4669415751398	0.0	0.3
9924.86135262025	750	25.646178271137444	0.0	254508	1149.4823260705323	0.45	0.3
9925.780759459532	300	28.726771431854907	0.0	197133	919.4068392825345	0.45	-0.15000000000000002
9926.597906102557	300	31.909624788830985	0.0	154508	817.1466430239249	0.0	0.3
9927.37792264094	300	35.129608250446644	0.0	127064	780.0165383843405	0.0	0.3
9929.031187725253	750	37.476343166134335	0.0	212764	1653.2650843123147	0.45	0.3
9933.433200810827	750	37.07433008056021	0.0	498076	4402.013085574124	0.0	0.75
9936.525716437991	750	37.98181445339553	0.0	432887	3092.515627164687	0.0	0.75
9943.977864850762	1200	34.52966604062655	0.0	768278	7452.148412768978	0.45	0.75
9949.682258408	1850	32.825272483386314	0.0	950673	5704.393557240232	0.65	1.2000000000000002
9954.253490039555	1850	32.25404085183098	0.0	913909	4571.231631555342	0.0	1.85
9958.941522189925	1850	31.566008701462724	0.0	1012433	4688.032150368254	0.0	1.85
9965.062935311054	1850	29.444595580332642	0.0	985116	6121.413121130082	0.0	1.85
9972.318828574073	1850	26.188702317314696	0.0	883475	7255.893263017948	0.0	1.85
9978.327309972577	1850	24.180220918809574	0.0	1070303	6008.481398505122	0.0	1.85
9986.45464921514	1200	20.05288167624699	0.0	558018	8127.3392425625825	0.65	0.5499999999999999
9989.887119270574	750	20.620411620811375	0.0	221946	3432.4700554356173	0.45	0.3
9992.882375104815	750	21.62515578657032	0.0	359492	2995.2558342410525	0.0	0.75
9997.31476964521	750	21.192761246175543	0.0	411585	4432.394540394778	0.0	0.75
9998.89350698319	300	23.61402390819663	0.0	141082	1578.7373379789142	0.45	-0.15000000000000002
9999.850123581375	300	26.657407310012115	0.0	143746	956.6165981845143	0.0	0.3
10001.115980110537	300	29.391550780849403	0.0	181361	1265.8565291627085	0.0	0.3
10002.203220273408	300	32.30431061797899	0.0	154044	1087.2401628704092	0.0	0.3
10003.579307457434	300	34.92822343395131	0.0	183475	1376.0871840276855	0.0	0.3
10005.450274186029	750	37.05725670535784	0.0	281068	1870.9667285934681	0.45	0.3
10006.4684123617	300	40.03911852968513	0.0	147805	1018.1381756727093	0.45	-0.15000000000000002
10009.831755445115	750	40.675775446270315	0.0	492258	3363.343083414814	0.45	0.3
10011.843814098755	750	42.66371679263068	0.0	321262	2012.0586536396347	0.0	0.75
10014.715855162312	1200	43.791675729071926	0.0	513933	2872.0410635587536	0.45	0.75
10019.995612778343	1200	42.5119181130428	0.0	734468	5279.757616029123	0.0	1.2
10022.027262186613	750	44.480268704774026	0.0	266795	2031.6494082687782	0.45	0.3
10026.657998922055	1200	43.84953196933226	0.0	536446	4630.736735441768	0.45	0.75
10031.581479738235	1200	42.926051153152756	0.0	667775	4923.480816179497	0.0	1.2
10038.691481136171	1850	39.81604975521685	0.0	991562	7110.001397935903	0.65	1.2000000000000002
10044.831650242168	1850	37.67588064921984	0.0	982374	6140.169105997011	0.0	1.85
10057.654878797337	1850	28.852652094050608	0.0	804922	12823.228555169235	0.0	1.85
10068.656688011366	1850	21.850842880020682	0.0	939905	11001.809214029929	0.0	1.85
10076.007499591104	1850	18.50003130028394	0.0	1077065	7350.811579736744	0.0	1.85
10080.262906303655	1200	18.244624587731117	0.0	786670	4255.4067125528245	0.65	0.5499999999999999
10085.62533882314	1850	16.882192068247235	0.0	1079573	5362.43251948388	0.65	1.2000000000000002
10088.3602496145	1200	18.14728127688801	0.0	603693	2734.910791359224	0.65	0.5499999999999999
10091.384128373937	1200	19.123402517452256	0.0	656943	3023.8787594357577	0.0	1.2

