13924.10618066007	750	4.0	4.73211689861218	496896	4732.11689861218	0.0	-46.5711689861218
13924.952955042856	300	7.153225617215673	0.0	100931	846.7743827843271	0.45	-0.15000000000000002
13927.978435081255	750	8.127745578817212	0.0	417058	3025.480038398461	0.45	0.3
13931.502755392501	750	8.60342526757012	0.0	450960	3524.3203112470906	0.0	0.75
13933.543996667646	750	10.562183992424497	0.0	253491	2041.2412751456227	0.0	0.75
13938.682195715764	1200	9.423984944305154	0.0	679669	5138.199048119343	0.45	0.75
13942.558518238155	1200	9.547662421915359	0.0	597133	3876.3225223897953	0.0	1.2
13946.366850591605	1200	9.73933006846467	0.0	554508	3808.332353450689	0.0	1.2
13951.464199947914	1200	8.641980712155313	0.0	658136	5097.349356309356	0.0	1.2
13955.951884164833	750	8.15429649523656	0.0	452035	4487.684216918753	0.45	0.3
13957.951232244677	750	10.154948415390413	0.0	212467	1999.3480798461471	0.0	0.75
13962.422421742707	1200	9.683758917360654	0.0	512764	4471.189498029759	0.45	0.75
13972.110804328924	1200	4.0	0.004623668855743745	798076	9688.382586216398	0.0	1.1537633114425625
13974.094250611332	300	6.016553717592711	0.0	176784	1983.4462824072896	0.9	-0.6000000000000001
13975.393203468659	300	8.717600860265728	0.0	127732	1298.9528573269824	0.0	0.3
13978.417117283752	750	9.693687045171277	0.0	350673	3023.9138150944505	0.45	0.3
13983.743791196872	1200	8.367013132051554	0.0	613909	5326.673913119723	0.45	0.75
13987.176403038051	750	8.934401290871435	0.0	412433	3432.61184118012	0.45	0.3
13990.371462122659	750	9.739342206263617	0.0	385116	3195.059084607818	0.0	0.75
13995.3829131057	1200	8.727891223222917	0.0	583475	5011.450983040699	0.45	0.75
13999.089037262529	750	9.021767066392552	0.0	470303	3706.1241568303644	0.45	0.3
14003.153254255449	1200	8.957550073471994	0.0	558018	4064.2169929205593	0.45	0.75
14005.242759582063	750	10.86804474685792	0.0	221946	2089.5053266140735	0.45	0.3
14011.298007148278	1200	8.812797180641773	0.0	659492	6055.247566216147	0.45	0.75
14014.7736496852	750	9.337154643720314	0.0	411585	3475.64253692146	0.45	0.3
14019.557861647156	1200	8.55294268176565	0.0	692588	4784.211961954665	0.45	0.75
14021.737373495134	750	10.37343083378627	0.0	261042	2179.51184797938	0.45	0.3
14027.891981950866	1200	8.218822378052948	0.0	670437	6154.608455733322	0.45	0.75
14031.479633600838	750	8.631170728080608	0.0	375109	3587.6516499723402	0.45	0.3
14036.170293948875	750	7.94051038004305	0.0	439591	4690.660348037558	0.0	0.75
14039.05192693342	750	9.058877395497735	0.0	281068	2881.632984545315	0.0	0.75
14046.161113342463	1200	5.9496909864547805	0.0	709814	7109.186409042954	0.45	0.75
14047.809338606445	300	8.301465722474104	0.0	163354	1648.2252639806768	0.9	-0.6000000000000001
14051.212533039388	750	8.898271289529593	0.0	321262	3403.194432944512	0.45	0.3
14053.005383315289	750	11.10542101362964	0.0	213933	1792.8502758999527	0.0	0.75
14062.108699883614	1850	6.002104445305211	0.0	1034468	9103.316568324428	1.1	0.75
14063.226837690016	300	8.883966638902457	0.0	128420	1118.1378064027547	1.55	-1.25
14065.30201274856	750	10.80879158035948	0.0	236446	2075.1750585429772	0.45	0.3
14071.694665234932	1200	8.416139093985915	0.0	667775	6392.652486373566	0.45	0.75
14075.255824776517	750	8.854979552401893	0.0	391562	3561.159541584022	0.45	0.3
14079.872905313649	750	8.237899015270658	0.0	382374	4617.080537131237	0.0	0.75
14083.390444493452	750	8.72035983546639	0.0	204922	3517.5391798042674	0.0	0.75
14088.857711733075	750	7.2530925958427845	0.0	339905	5467.267239623606	0.0	0.75
14093.258989236625	750	6.851815092292873	0.0	477065	4401.277503549911	0.0	0.75
14094.74314780889	300	9.367656520028987	0.0	178996	1484.158572263885	0.45	-0.15000000000000002
14101.193521720928	1200	6.917282607988685	0.0	779573	6450.3739120403025	0.9	0.29999999999999993
14102.636918742051	300	9.473885586867029	0.0	181068	1443.397021121657	0.9	-0.6000000000000001
14108.385109524035	1200	7.725694804882172	0.0	656943	5748.190781984857	0.9	0.29999999999999993

