7918.781741744536	300	4.0	2.195967440581921	134752	2195.967440581921	0.0	-21.65967440581921
7920.446628868625	300	6.3351128759100135	0.0	100931	1664.8871240899866	0.0	0.3
7923.022118560768	300	7.759623183768091	0.0	161324	2575.489692141923	0.0	0.3
7924.161104999557	300	10.620636744978528	0.0	185986	1138.9864387895627	0.0	0.3
7926.137068041915	300	12.6446737026205	0.0	153491	1975.96304235803	0.0	0.3
7935.389408847868	750	7.392332896667592	0.0	379669	9252.340805952907	0.45	0.3
7939.8279726182545	750	6.953769126281252	0.0	297133	4438.56377038634	0.0	0.75
7942.949697248411	300	7.832044496125137	0.0	161722	3121.7246301561154	0.45	-0.15000000000000002
7946.578086244374	300	8.203655500162169	0.0	197133	3628.3889959629682	0.0	0.3
7948.546297654891	300	10.235444089646656	0.0	154508	1968.2114105155144	0.0	0.3
7949.547927682888	300	13.23381406164862	0.0	127064	1001.630027998036	0.0	0.3
7950.422409712923	300	16.359332031614755	0.0	106819	874.482030033864	0.0	0.3
7953.423766103575	750	17.3579756409624	0.0	498076	3001.356390652355	0.45	0.3
7956.358009950249	750	18.423731794288585	0.0	432887	2934.2438466738167	0.0	0.75
7959.437529861607	750	19.344211882930278	0.0	468278	3079.519911358308	0.0	0.75
7961.5839218961555	750	21.19781984838112	0.0	350673	2146.3920345491597	0.0	0.75
7965.020817128212	1200	21.760924616324566	0.0	613909	3436.89523205655	0.45	0.75
7972.331941708843	1850	18.449800035693542	0.0	1012433	7311.124580631026	0.65	1.2000000000000002
7979.221879225171	1850	15.559862519366623	0.0	985116	6889.937516326918	0.0	1.85
7983.087593507919	1850	15.694148236617092	0.0	883475	3865.714282749531	0.0	1.85
7987.855408732881	1850	14.926333011655414	0.0	1070303	4767.815224961679	0.0	1.85
7989.871100633438	1200	16.910641111098695	0.0	558018	2015.6919005567202	0.65	0.5499999999999999
7991.994267617708	1200	18.78747412682854	0.0	521946	2123.1669842701554	0.0	1.2
7995.149259239499	1200	19.632482505038265	0.0	659492	3154.991621790277	0.0	1.2
7997.088107645458	750	21.693634099078803	0.0	411585	1938.8484059594603	0.45	0.3
8002.809970910864	1200	19.97177083367249	0.0	692588	5721.863265406314	0.45	0.75
8005.388043573434	1200	21.393698171102606	0.0	561042	2578.0726625698835	0.0	1.2
8009.39173574551	1200	21.390005999026233	0.0	670437	4003.69217207637	0.0	1.2
8015.663332369431	1200	19.118409375105394	0.0	675109	6271.596623920839	0.0	1.2
8030.263559985075	1200	8.518181759461914	0.0	739591	14600.227615643482	0.0	1.2
8037.883551169061	750	4.898190575474936	0.0	281068	7619.991183986977	0.45	0.3
8040.7571270546	300	6.0246146899365325	0.0	147805	2873.5758855384042	0.45	-0.15000000000000002
8045.6902711550165	300	5.091470589519207	0.0	163354	4933.144100417325	0.0	0.3
8047.649196275637	300	7.132545468898675	0.0	108159	1958.9251206205324	0.0	0.3
8051.904003984085	300	6.877737760452198	0.0	158018	4254.807708446477	0.0	0.3
8054.374847153816	300	8.406894590721418	0.0	121946	2470.8431697307788	0.0	0.3
8055.966076527171	300	10.815665217366055	0.0	128420	1591.2293733553622	0.0	0.3
8057.12012710482	300	13.66161463971629	0.0	176603	1154.050577649765	0.0	0.3
8058.999694386319	750	15.782047358217495	0.0	367775	1879.5672814987952	0.45	0.3
8062.455534457112	1200	16.326207287424612	0.0	691562	3455.8400707928827	0.45	0.75
8075.154035140296	1850	7.627706604240248	0.0	982374	12698.500683184364	0.65	1.2000000000000002
8078.646775474578	1200	8.134966269958703	0.0	504922	3492.7403342815455	0.65	0.5499999999999999
8083.548037027447	1200	7.233704717089543	0.0	639905	4901.2615528691595	0.0	1.2
8087.1077062023105	750	7.674035542226367	0.0	477065	3559.6691748631765	0.45	0.3
8089.657104550179	750	9.124637194358137	0.0	486670	2549.3983478682294	0.0	0.75
8091.870261350197	750	10.911480394339197	0.0	479573	2213.1568000189404	0.0	0.75
8093.589102674118	750	13.192639070418323	0.0	303693	1718.8413239208733	0.0	0.75
8096.77123959155	1200	14.01050215298773	0.0	656943	3182.1369174305933	0.45	0.75

