3769.9178568969733	300	4.0	1.0315708055956516	134752	1031.5708055956516	0.0	-10.015708055956516
3770.7105958023667	300	7.207261094606576	0.0	100931	792.7389053934244	0.0	0.3
3772.1459233097507	300	9.771933587222614	0.0	161324	1435.3275073839625	0.0	0.3
3773.416657721467	300	12.50119917550649	0.0	185986	1270.734411716124	0.0	0.3
3774.442012648447	300	15.475844248526409	0.0	153491	1025.354926980081	0.0	0.3
3775.495908030972	300	18.421948866001273	0.0	150777	1053.895382525135	0.0	0.3
3776.644693431184	300	21.27316346578965	0.0	148597	1148.7854002116203	0.0	0.3
3778.2047559207194	300	23.713100976253973	0.0	161722	1560.0624895356782	0.0	0.3
3782.2529517914636	300	23.664905105509675	0.0	197133	4048.195870744297	0.0	0.3
3786.3227559641387	300	23.59510093283465	0.0	154508	4069.8041726750243	0.0	0.3
3789.590183047996	300	24.327673848977113	0.0	127064	3267.4270838575403	0.0	0.3
3792.383271985089	300	25.53458491188412	0.0	106819	2793.088937092989	0.0	0.3
3796.330027465173	300	25.587829431799893	0.0	167782	3946.75548008423	0.0	0.3
3799.3796291976078	300	26.53822769936522	0.0	176784	3049.601732434673	0.0	0.3
3801.9125311935672	300	28.00532570340558	0.0	127732	2532.90199595964	0.0	0.3
3805.359079697102	300	28.558777199871137	0.0	164342	3446.5485035344414	0.0	0.3
3807.713541643609	300	30.204315253363927	0.0	154205	2354.4619465072096	0.0	0.3
3810.9398543021925	300	30.97800259478008	0.0	158473	3226.312658583847	0.0	0.3
3812.934431463517	300	32.983425433456055	0.0	112467	1994.577161324022	0.0	0.3
3814.7362984597753	300	35.181558437197566	0.0	112764	1801.8669962584881	0.0	0.3
3817.412434697871	300	36.5054221991017	0.0	139768	2676.1362380958612	0.0	0.3
3820.217979780204	300	37.69987711676875	0.0	109931	2805.5450823329597	0.0	0.3
3824.2118206011264	750	37.70603629584607	0.0	221946	3993.840820922677	0.45	0.3
3828.4446528605117	750	37.473204036460984	0.0	359492	4232.832259385081	0.0	0.75
3834.698544027174	750	35.21931286979826	0.0	411585	6253.891166662727	0.0	0.75
3839.8472673482897	750	34.07058954868275	0.0	392588	5148.723321115506	0.0	0.75
3842.5850555575075	750	35.33280133946501	0.0	261042	2737.7882092177465	0.0	0.75
3846.018843822461	750	35.89901307451136	0.0	370437	3433.7882649536455	0.0	0.75
3849.8724080393195	750	36.045448857652914	0.0	375109	3853.564216858445	0.0	0.75
3854.9810003538673	750	34.93685654310511	0.0	439591	5108.5923145478055	0.0	0.75
3858.514045001896	750	35.4038118950762	0.0	281068	3533.044648028915	0.0	0.75
3862.7687741488294	750	35.14908274814292	0.0	409814	4254.729146933279	0.0	0.75
3867.431257218988	750	34.4865996779846	0.0	492258	4662.483070158323	0.0	0.75
3870.398596362275	750	35.51926053469733	0.0	321262	2967.3391432872736	0.0	0.75
3872.6058413412684	750	37.31201555570391	0.0	213933	2207.2449789934144	0.0	0.75
3876.8339225764757	750	37.08393432049618	0.0	434468	4228.081235207728	0.0	0.75
3879.6920765799277	750	38.22578031704435	0.0	266795	2858.1540034518375	0.0	0.75
3882.2110548519677	750	39.706802045004494	0.0	236446	2518.9782720398493	0.0	0.75
3885.925925984704	750	39.99193091226858	0.0	367775	3714.87113273591	0.0	0.75
3890.071218221933	750	39.84663867503932	0.0	391562	4145.2922372292605	0.0	0.75
3895.6099476748172	750	38.307909222154805	0.0	382374	5538.72945288452	0.0	0.75
3900.4202417558513	750	37.49761514112103	0.0	204922	4810.294081033772	0.0	0.75
3905.313796253406	750	36.604060643566164	0.0	339905	4893.5544975548655	0.0	0.75
3912.692672025213	750	33.22518487175905	0.0	477065	7378.875771807116	0.0	0.75
3916.7153565200847	750	33.20250037688739	0.0	486670	4022.684494871652	0.0	0.75
3920.8326037872407	750	33.08525310973142	0.0	479573	4117.247267155975	0.0	0.75
3923.541607760947	750	34.37624913602497	0.0	303693	2709.003973706453	0.0	0.75
3930.5971787025637	1200	31.32067819440886	0.0	656943	7055.570941616111	0.45	0.75

