14289.408567888264	300	4.0	2.1409820439319533	134752	2140.9820439319533	0.0	-21.10982043931953
14291.032270235362	300	6.376297652902399	0.0	100931	1623.7023470976012	0.0	0.3
14293.507057522012	300	7.901510366251415	0.0	161324	2474.7872866509842	0.0	0.3
14295.722249691275	300	9.68631819698895	0.0	185986	2215.1921692624646	0.0	0.3
14297.241645382024	300	12.16692250623798	0.0	153491	1519.3956907509685	0.0	0.3
14298.47184627574	300	14.93672161252301	0.0	150777	1230.2008937149717	0.0	0.3
14299.5795698377	300	17.82899805056172	0.0	148597	1107.723561961289	0.0	0.3
14300.79038321639	300	20.61818467187221	0.0	161722	1210.8133786895094	0.0	0.3
14304.836167103253	750	20.572400785009314	0.0	358136	4045.783886862897	0.45	0.3
14311.525747806636	750	17.882820081625905	0.0	452035	6689.580703383408	0.0	0.75
14317.69532030288	750	15.713247585381598	0.0	212467	6169.572496244307	0.0	0.75
14322.751502402809	750	14.657065485454998	0.0	212764	5056.1820999266	0.0	0.75
14338.225458533876	750	4.0	0.816890645612335	498076	15473.956131067333	0.0	-7.41890645612335
14343.031259324887	300	4.0	0.8058007910123142	176784	4805.800791012314	0.45	-8.208007910123142
14345.792981012999	300	5.238278311888931	0.0	127732	2761.7216881110694	0.0	0.3
14348.62281239096	300	6.408446933926757	0.0	164342	2829.831377962174	0.0	0.3
14351.173462409874	300	7.857796915012615	0.0	154205	2550.6500189141425	0.0	0.3
14354.140429655463	300	8.890829669424528	0.0	158473	2966.9672455880864	0.0	0.3
14356.580255233635	300	10.451004091250907	0.0	112467	2439.8255781736216	0.0	0.3
14359.728578726488	300	11.302680598398789	0.0	112764	3148.323492852118	0.0	0.3
14362.326848876472	300	12.704410448417336	0.0	139768	2598.2701499814516	0.0	0.3
14363.239953869008	300	15.791305455880728	0.0	109931	913.1049925366082	0.0	0.3
14364.229508355678	300	18.80175096920965	0.0	135932	989.5544866710768	0.0	0.3
14364.954560902564	300	22.076698422324476	0.0	106134	725.0525468851747	0.0	0.3
14365.656154230111	300	25.37510509477699	0.0	119601	701.5933275474862	0.0	0.3
14366.67974618121	300	28.351513143681167	0.0	141082	1023.5919510958232	0.0	0.3
14368.487955508988	750	30.54330381590178	0.0	261042	1808.2093277793872	0.45	0.3
14370.70674774435	750	32.324511580540474	0.0	370437	2218.792235361306	0.0	0.75
14375.140804800629	1200	31.890454524259717	0.0	675109	4434.057056280759	0.45	0.75
14380.392553924095	1200	30.63870540079464	0.0	739591	5251.7491234650715	0.0	1.2
14383.716346329564	1200	31.314912995325287	0.0	581068	3323.7924054693594	0.0	1.2
14389.70082138358	1850	29.33043794130806	0.0	1009814	5984.475054017226	0.65	1.2000000000000002
14395.304840501225	1850	27.72641882366312	0.0	1092258	5604.019117644942	0.0	1.85
14400.099649820942	1850	26.93160950394505	0.0	921262	4794.809319718068	0.0	1.85
14405.407035380083	1850	25.624223944802484	0.0	813933	5307.385559142565	0.0	1.85
14414.347808104756	1850	20.683451220131982	0.0	1034468	8940.772724670504	0.0	1.85
14419.082655873066	1850	19.94860345182134	0.0	866795	4734.84776831064	0.0	1.85
14423.727135964571	1850	19.304123360316904	0.0	836446	4644.480091504437	0.0	1.85
14430.567631839132	1850	16.46362748575512	0.0	967775	6840.495874561788	0.0	1.85
14436.042500790956	1850	14.98875853393117	0.0	991562	5474.868951823947	0.0	1.85
14442.168181679996	1850	12.86307764489169	0.0	982374	6125.68088903948	0.0	1.85
14447.515280041509	1850	11.515979283379485	0.0	804922	5347.098361512205	0.0	1.85
14452.711529065753	1850	10.319730259135206	0.0	939905	5196.24902424428	0.0	1.85
14460.923882363959	1850	6.107376960928959	0.0	1077065	8212.353298206246	0.0	1.85
14466.960340631858	1200	4.070918693029258	0.0	786670	6036.458267899701	0.65	0.5499999999999999
14469.95577718423	750	5.075482140656567	0.0	479573	2995.436552372691	0.45	0.3
14471.931734221747	750	7.099525103138154	0.0	303693	1975.9570375184128	0.0	0.75
14474.928153026427	750	8.103106298459906	0.0	356943	2996.418804678247	0.0	0.75

