16036.016802930955	300	4.0	1.9139247001089976	134752	1913.9247001089975	0.0	-18.839247001089976
16040.70083523674	750	4.0	0.6840323057853775	332003	4684.0323057853775	0.45	-6.540323057853776
16042.90752367817	300	5.793311558568633	0.0	161324	2206.688441431367	0.45	-0.15000000000000002
16046.517963021975	300	6.182872214764821	0.0	185986	3610.439343803813	0.0	0.3
16049.347149476027	300	7.353685760713452	0.0	153491	2829.186454051369	0.0	0.3
16051.018797832483	300	9.682037404257162	0.0	150777	1671.6483564562893	0.0	0.3
16052.836559121182	300	11.864276115558507	0.0	148597	1817.7612886986556	0.0	0.3
16055.249277287994	300	13.451557948747313	0.0	161722	2412.718166811194	0.0	0.3
16059.374076254328	300	13.326758982414358	0.0	197133	4124.798966332955	0.0	0.3
16061.480326293115	300	15.220508943625996	0.0	154508	2106.2500387883624	0.0	0.3
16063.53294485546	300	17.167890381280465	0.0	127064	2052.618562345533	0.0	0.3
16065.297494452465	300	19.403340784276274	0.0	106819	1764.5495970041902	0.0	0.3
16067.88297911213	300	20.817856124611158	0.0	167782	2585.48465966512	0.0	0.3
16070.18880437578	300	22.512030860960227	0.0	176784	2305.8252636509305	0.0	0.3
16071.744052339236	300	24.956782897505054	0.0	127732	1555.2479634551714	0.0	0.3
16075.141811366142	750	25.55902387059778	0.0	350673	3397.7590269072766	0.45	0.3
16078.37467634794	750	26.326158888801878	0.0	313909	3232.864981795901	0.0	0.75
16084.215310497786	750	24.485524738953696	0.0	412433	5840.63414984818	0.0	0.75
16093.146634542225	750	19.55420069451631	0.0	385116	8931.324044437384	0.0	0.75
16095.368010981034	300	21.33282425570691	0.0	112764	2221.376438809404	0.45	-0.15000000000000002
16098.000941035622	300	22.699894201120802	0.0	139768	2632.9300545861074	0.0	0.3
16100.061943633793	300	24.638891602949585	0.0	109931	2061.002598171217	0.0	0.3
16103.187841532605	300	25.512993704136985	0.0	135932	3125.897898812598	0.0	0.3
16105.74656435079	300	26.9542708859515	0.0	106134	2558.7228181854834	0.0	0.3
16108.612698017112	300	28.088137219627964	0.0	119601	2866.1336663235365	0.0	0.3
16111.957029112198	300	28.743806124543745	0.0	141082	3344.331095084217	0.0	0.3
16114.73100381156	300	29.969831425182072	0.0	143746	2773.9746993616736	0.0	0.3
16117.352426490395	300	31.34840874634447	0.0	181361	2621.422678837601	0.0	0.3
16120.104453008164	300	32.59638222857723	0.0	154044	2752.026517767241	0.0	0.3
16123.977682293487	300	32.72315294325395	0.0	183475	3873.2292853232802	0.0	0.3
16126.532842351713	300	34.16799288502942	0.0	124205	2555.16005822453	0.0	0.3
16129.904196131267	300	34.79663910547471	0.0	147805	3371.3537795547195	0.0	0.3
16133.561045341008	300	35.13978989573405	0.0	163354	3656.849209740665	0.0	0.3
16140.714737191727	750	31.986098045014757	0.0	321262	7153.691850719285	0.45	0.3
16143.606029799208	750	33.0948054375345	0.0	213933	2891.2926074802663	0.0	0.75
16147.931606572049	750	32.76922866469428	0.0	434468	4325.576772840216	0.0	0.75
16150.813935187745	750	33.886900048997454	0.0	266795	2882.3286156968234	0.0	0.75
16153.8464929785	750	34.85434225824255	0.0	236446	3032.5577907548995	0.0	0.75
16160.402396044867	750	32.29843919187557	0.0	367775	6555.903066366982	0.0	0.75
16167.531541765149	750	29.16929347159294	0.0	391562	7129.145720282631	0.0	0.75
16173.549448610798	750	27.151386625945705	0.0	382374	6017.906845647235	0.0	0.75
16178.082197429947	750	26.618637806795938	0.0	204922	4532.748819149767	0.0	0.75
16183.98804169522	750	24.712793541522377	0.0	339905	5905.844265273559	0.0	0.75
16190.822657697881	750	21.878177538861483	0.0	477065	6834.616002660894	0.0	0.75
16193.170010617658	300	23.530824619084445	0.0	178996	2347.35291977704	0.45	-0.15000000000000002
16194.77342514104	300	25.92741009570229	0.0	144037	1603.4145233821528	0.0	0.3
16196.863876948071	300	27.83695828867127	0.0	181068	2090.4518070310182	0.0	0.3
16199.00571259532	300	29.69512264142106	0.0	178742	2141.835647250209	0.0	0.3

