8853.813734190322	300	4.0	1.7877817313165916	134752	1787.7817313165915	0.0	-17.577817313165916
8855.16298389868	300	6.650750291643569	0.0	100931	1349.2497083564303	0.0	0.3
8856.092006970486	300	9.72172721983683	0.0	161324	929.0230718067392	0.0	0.3
8860.106389582761	750	9.70734460756266	0.0	450960	4014.3826122741693	0.45	0.3
8861.561824043634	300	12.251910146689397	0.0	153491	1455.4344608732633	0.45	-0.15000000000000002
8862.678886713811	300	15.134847476512254	0.0	150777	1117.062670177144	0.0	0.3
8863.66941395257	300	18.144320237751547	0.0	148597	990.5272387607051	0.0	0.3
8864.90004991071	300	20.913684279613502	0.0	161722	1230.6359581380475	0.0	0.3
8869.123262394385	750	20.69047179593661	0.0	358136	4223.212483676891	0.45	0.3
8875.69945686629	750	18.114277324031207	0.0	452035	6576.194471905404	0.0	0.75
8879.956820765363	750	17.85691342495857	0.0	212467	4257.363899072636	0.0	0.75
8884.145138202255	750	17.668595988065114	0.0	212764	4188.317436893458	0.0	0.75
8892.34778041422	750	13.465953776100497	0.0	498076	8202.642211964618	0.0	0.75
8898.595381090037	750	11.218353100282943	0.0	432887	6247.600675817551	0.0	0.75
8899.595748515441	300	14.217985674879284	0.0	127732	1000.3674254036605	0.45	-0.15000000000000002
8900.729716572321	300	17.084017617999713	0.0	164342	1133.9680568795693	0.0	0.3
8901.831847694588	300	19.981886495735502	0.0	154205	1102.1311222642112	0.0	0.3
8904.707867067335	750	21.10586712298688	0.0	412433	2876.0193727486267	0.45	0.3
8906.768918134334	750	23.04481605598801	0.0	385116	2061.0510669988653	0.0	0.75
8909.201774197361	1200	24.611959992962007	0.0	583475	2432.856063026007	0.45	0.75
8919.26063552173	1850	18.553098668592355	0.0	1070303	10058.861324369647	0.65	1.2000000000000002
8926.421010150327	1850	15.392724039996839	0.0	858018	7160.374628595516	0.0	1.85
8935.093848456285	1850	10.719885734039345	0.0	821946	8672.838305957495	0.0	1.85
8939.72851310831	1200	10.08522108201456	0.0	659492	4634.664652024784	0.65	0.5499999999999999
8941.532496926731	750	12.281237263592523	0.0	411585	1803.983818422037	0.45	0.3
8942.18226465462	300	15.63146953570217	0.0	141082	649.7677278903519	0.45	-0.15000000000000002
8942.815187096721	300	18.998547093603438	0.0	143746	632.9224420987315	0.0	0.3
8943.534171873407	300	22.279562316915786	0.0	181361	718.9847766876502	0.0	0.3
8944.270035373986	300	25.543698816337677	0.0	154044	735.8635005781099	0.0	0.3
8945.221121018114	300	28.592613172210207	0.0	183475	951.0856441274684	0.0	0.3
8946.663372776546	750	31.150361413777706	0.0	281068	1442.251758432503	0.45	0.3
8949.271102510831	750	32.54263167949379	0.0	409814	2607.729734283919	0.0	0.75
8954.908853868665	1200	30.904880321659164	0.0	792258	5637.751357834621	0.45	0.75
8960.483371870923	1200	29.33036231940033	0.0	621262	5574.518002258833	0.0	1.2
8965.221449711518	1200	28.592284478804935	0.0	513933	4738.077840595397	0.0	1.2
8972.203255942879	1200	25.610478247444036	0.0	734468	6981.806231360895	0.0	1.2
8980.44709630738	1200	21.36663788294362	0.0	566795	8243.840364500415	0.0	1.2
8996.639631747563	1200	9.174102442760946	0.0	536446	16192.535440182675	0.0	1.2
9008.541327714764	750	4.0	2.727593524440061	367775	11901.695967201007	0.45	-26.975935244400606
9013.580851503166	300	4.0	1.0395237884010111	161516	5039.523788401011	0.45	-10.54523788401011
9018.27580636587	300	4.0	0.6949548627045351	161042	4694.954862704535	0.0	-6.649548627045351
9022.975729269554	300	4.0	0.6999229036847364	161603	4699.922903684736	0.0	-6.699229036847364
9026.469007195588	300	4.506722073967555	0.0	121636	3493.277926032445	0.0	0.3
9030.50043556894	300	4.47529370061591	0.0	139365	4031.428373351645	0.0	0.3
9035.774600163126	300	4.0	0.798870893569654	178996	5274.164594185564	0.0	-7.68870893569654
9039.798150984529	300	4.0	0.023550821403891406	144037	4023.5508214038914	0.0	0.06449178596108593
9042.53613590758	300	5.262015076950603	0.0	181068	2737.984923049397	0.0	0.3
9044.11779000378	300	7.680360980749107	0.0	178742	1581.654096201496	0.0	0.3

