8031.636873301981	300	4.0	1.1868236902569977	134752	1186.8236902569977	0.0	-11.568236902569977
8032.535347008099	300	7.101526293882353	0.0	100931	898.473706117648	0.0	0.3
8033.57510196932	300	10.061771332661367	0.0	161324	1039.7549612209857	0.0	0.3
8036.974370840436	750	10.662502461545095	0.0	450960	3399.2688711162723	0.45	0.3
8039.024957079304	750	12.61191622267677	0.0	253491	2050.5862388683263	0.0	0.75
8041.666819937946	750	13.970053364035703	0.0	379669	2641.862858641066	0.0	0.75
8045.942941753203	1200	13.693931548778382	0.0	597133	4276.12181525732	0.45	0.75
8048.711446249381	1200	14.925427052600698	0.0	554508	2768.504496177684	0.0	1.2
8052.495839303214	1200	15.141033998767362	0.0	658136	3784.393053833337	0.0	1.2
8055.774099014656	1200	15.86277428732549	0.0	752035	3278.2597114418722	0.0	1.2
8058.120950986053	1200	17.515922315928723	0.0	512467	2346.8519713967676	0.0	1.2
8060.418740288269	1200	19.218133013712507	0.0	512764	2297.789302216213	0.0	1.2
8065.195252400561	1850	18.44162090142022	0.0	1098076	4776.512112292288	0.65	1.2000000000000002
8071.588422788823	1850	16.048450513158834	0.0	1032887	6393.170388261385	0.0	1.85
8083.09569570546	1850	8.541177596522433	0.0	1068278	11507.2729166364	0.0	1.85
8089.825362608415	1200	5.811510693567054	0.0	650673	6729.66690295538	0.65	0.5499999999999999
8094.048824968369	750	5.588048333612112	0.0	313909	4223.462359954942	0.45	0.3
8096.245833686175	300	7.391039615807174	0.0	158473	2197.0087178049375	0.45	-0.15000000000000002
8097.645602084098	300	9.991271217884188	0.0	112467	1399.7683979229864	0.0	0.3
8099.510089556602	300	12.126783745379417	0.0	112764	1864.4874725047728	0.0	0.3
8107.3242842208965	750	8.312589081084901	0.0	470303	7814.194664294515	0.45	0.3
8110.033606134764	750	9.60326716721785	0.0	258018	2709.3219138670515	0.0	0.75
8111.349590438023	750	12.287282863958255	0.0	221946	1315.984303259594	0.0	0.75
8113.563222089502	750	14.073651212479074	0.0	359492	2213.631651479181	0.0	0.75
8116.164435571163	750	15.472437730818012	0.0	411585	2601.213481661062	0.0	0.75
8118.729200872825	750	16.90767242915613	0.0	392588	2564.765301661882	0.0	0.75
8120.532238890353	750	19.104634411627455	0.0	261042	1803.0380175286762	0.0	0.75
8124.693315476965	1200	18.943557825016185	0.0	670437	4161.076586611269	0.45	0.75
8128.160111117463	1200	19.476762184518194	0.0	675109	3466.7956404979914	0.0	1.2
8131.655710655205	1200	19.98116264677574	0.0	739591	3495.599537742452	0.0	1.2
8134.055025659005	1200	21.58184764297619	0.0	581068	2399.315003799551	0.0	1.2
8138.964242154288	1850	20.672631147694492	0.0	1009814	4909.2164952816975	0.65	1.2000000000000002
8145.22978171848	1850	18.40709158350254	0.0	1092258	6265.539564191952	0.0	1.85
8153.050354878144	1850	14.586518423837706	0.0	921262	7820.573159664835	0.0	1.85
8165.331574045217	1850	6.305299256764152	0.0	813933	12281.219167073554	0.0	1.85
8175.687344820732	1200	4.0	4.050471518749948	734468	10355.7707755141	0.65	-39.954715187499474
8178.738472599613	750	4.948872221119087	0.0	266795	3051.1277788809125	0.45	0.3
8181.917473578633	300	5.769871242098704	0.0	176603	3179.000979020383	0.45	-0.15000000000000002
8183.693880393688	300	7.993464427043233	0.0	180513	1776.4068150554717	0.0	0.3
8185.136900893485	300	10.550443927246729	0.0	161516	1443.0204997965036	0.0	0.3
8188.038054288851	750	11.649290531881789	0.0	382374	2901.1533953649396	0.45	0.3
8189.73583702218	750	13.951507798552338	0.0	204922	1697.7827333294501	0.0	0.75
8192.102807956719	750	15.584536864013163	0.0	339905	2366.9709345391743	0.0	0.75
8195.665578508459	750	16.021766312272863	0.0	477065	3562.770551740302	0.0	0.75
8201.718850185616	1200	13.968494635116032	0.0	786670	6053.271677156831	0.45	0.75
8209.764912118375	1200	9.922432702356556	0.0	779573	8046.061932759477	0.0	1.2
8216.117106008282	1200	7.570238812451125	0.0	603693	6352.193889905432	0.0	1.2
8220.84189128903	1200	6.845453531703218	0.0	656943	4724.785280747906	0.0	1.2

