338.9699445098317	300	4.0	0.8116292189865839	134752	811.629218986584	0.0	-7.816292189865838
339.5979443072486	300	7.372000202583005	0.0	100931	627.999797416995	0.0	0.3
340.36524586641394	300	10.604698643417716	0.0	161324	767.3015591652884	0.0	0.3
340.9285047198733	300	14.041439789958423	0.0	185986	563.2588534592949	0.0	0.3
342.46224840116724	750	16.507696108664472	0.0	253491	1533.743681293948	0.45	0.3
348.1268872567049	750	14.84305725312679	0.0	379669	5664.638855537683	0.0	0.75
350.2340718009825	300	16.73587270884916	0.0	148597	2107.1845442776284	0.45	-0.15000000000000002
351.90207747561226	300	19.0678670342194	0.0	161722	1668.00567462976	0.0	0.3
353.55337542440583	300	21.416569085425806	0.0	197133	1651.2979487935947	0.0	0.3
357.19277458819766	750	21.777169921634002	0.0	452035	3639.3991637918043	0.45	0.3
358.2486042693108	300	24.72134024052084	0.0	127064	1055.8296811131631	0.45	-0.15000000000000002
359.3140106077449	300	27.655933902086826	0.0	106819	1065.406338434015	0.0	0.3
361.18876534379984	300	29.78117916603182	0.0	167782	1874.754736055004	0.0	0.3
362.6989382950882	300	32.271006214743394	0.0	176784	1510.172951288425	0.0	0.3
363.8864574781329	300	35.083487031698716	0.0	127732	1187.5191830446774	0.0	0.3
365.2631031683554	300	37.70684134147621	0.0	164342	1376.6456902225052	0.0	0.3
366.5768231680593	300	40.39312134177228	0.0	154205	1313.7199997039327	0.0	0.3
368.00247572992345	300	42.96746877990819	0.0	158473	1425.6525618640899	0.0	0.3
369.03124263593367	300	45.93870187389796	0.0	112467	1028.7669060102303	0.0	0.3
369.9940967784166	300	48.97584773141502	0.0	112764	962.8541424829351	0.0	0.3
374.6062272253424	750	48.36371728448923	0.0	470303	4612.130446925788	0.45	0.3
376.97046565970373	750	49.99947885012793	0.0	258018	2364.2384343613116	0.0	0.75
378.84713808694636	750	52.12280642288532	0.0	221946	1876.6724272426102	0.0	0.75
383.22217134976455	750	51.74777316006709	0.0	359492	4375.03326281823	0.0	0.75
390.56337302194277	1200	48.40657148788894	0.0	711585	7341.201672178149	0.45	0.75
395.90522695065846	1200	47.064717559173204	0.0	692588	5341.853928715738	0.0	1.2
400.2697043555098	1200	46.70024015432186	0.0	561042	4364.477404851346	0.0	1.2
405.6006775326223	1200	45.369266977209385	0.0	670437	5330.973177112474	0.0	1.2
411.10102185651846	1200	43.86892265331321	0.0	675109	5500.344323896176	0.0	1.2
417.041874537514	1200	41.92806997231766	0.0	739591	5940.852680995548	0.0	1.2
421.75018434724996	1200	41.21976016258171	0.0	581068	4708.309809735956	0.0	1.2
429.1714827482226	1200	37.79846176160906	0.0	709814	7421.298400972645	0.0	1.2
435.10154228954696	1200	35.86840222028469	0.0	792258	5930.059541324371	0.0	1.2
439.6138652805944	1200	35.3560792292373	0.0	621262	4512.322991047389	0.0	1.2
443.3649900979893	1200	35.60495441184239	0.0	513933	3751.124817394907	0.0	1.2
449.1320127537022	1200	33.837931756129414	0.0	734468	5767.022655712982	0.0	1.2
453.3940881696955	1200	33.57585634013612	0.0	566795	4262.075415993296	0.0	1.2
458.13744229054464	1200	32.83250221928702	0.0	536446	4743.354120849089	0.0	1.2
463.9237284590926	1200	31.046216050739012	0.0	667775	5786.286168548012	0.0	1.2
472.55280759514557	1200	26.417136914686075	0.0	691562	8629.079136052935	0.0	1.2
479.9653093627503	1200	23.00463514708128	0.0	682374	7412.501767604794	0.0	1.2
485.01241170249887	1200	21.957532807332765	0.0	504922	5047.102339748514	0.0	1.2
493.06842241484463	1200	17.90152209498697	0.0	639905	8056.010712345798	0.0	1.2
505.6786334937314	1200	9.29131101610015	0.0	777065	12610.211078886818	0.0	1.2
523.1217463563195	750	4.0	8.151801846487874	486670	17443.112862588026	0.45	-81.21801846487874
527.9740289991232	300	4.0	0.8522826428038006	144037	4852.282642803801	0.45	-8.672826428038004
532.7162088795837	300	4.0	0.7421798804604832	181068	4742.179880460483	0.0	-7.121798804604833
538.7148074745478	300	4.0	1.9985985949640217	178742	5998.598594964022	0.0	-19.685985949640216

