9171.785050673783	750	4.0	5.345681526637863	496896	5345.681526637863	0.0	-52.70681526637863
9172.725789960616	300	7.0592607131676415	0.0	100931	940.7392868323584	0.45	-0.15000000000000002
9175.804748643051	750	7.980302030730678	0.0	417058	3078.958682436963	0.45	0.3
9180.126528611141	750	7.658522062641882	0.0	450960	4321.779968088796	0.0	0.75
9182.55228488159	750	9.232765792193103	0.0	253491	2425.75627044878	0.0	0.75
9193.36557560131	1200	4.0	1.5805249275256466	679669	10813.290719718749	0.45	-15.055249275256465
9194.904090063046	300	6.461485538262225	0.0	148597	1538.514461737775	0.9	-0.6000000000000001
9196.432298184856	300	8.933277416452547	0.0	161722	1528.2081218096762	0.0	0.3
9199.953861938211	750	9.411713663099563	0.0	358136	3521.563753352985	0.45	0.3
9206.658435236915	1200	6.707140364394175	0.0	752035	6704.573298705388	0.45	0.75
9207.876528421846	300	9.489047179465366	0.0	127064	1218.093184928809	0.9	-0.6000000000000001
9214.451373974567	1200	6.914201626743732	0.0	512764	6574.845552721634	0.9	0.29999999999999993
9216.590634531898	300	8.774941069413021	0.0	167782	2139.2605573307096	0.9	-0.6000000000000001
9223.998755079194	750	5.366820522117665	0.0	432887	7408.120547295357	0.45	0.3
9225.358126738141	300	8.00744886316834	0.0	127732	1359.3716589493242	0.45	-0.15000000000000002
9228.220160176472	750	9.145415424838182	0.0	350673	2862.033438330158	0.45	0.3
9232.48404377957	1200	8.881531821739811	0.0	613909	4263.883603098371	0.45	0.75
9236.400241502728	750	8.965334098581588	0.0	412433	3916.197723158223	0.45	0.3
9239.659621485534	750	9.705954115773983	0.0	385116	3259.3799828076067	0.0	0.75
9245.496926915195	1200	7.868648686113282	0.0	583475	5837.305429660701	0.45	0.75
9250.380345430363	750	6.985230170944947	0.0	470303	4883.418515168335	0.45	0.3
9251.535891557854	300	9.829684043454327	0.0	109931	1155.54612749062	0.45	-0.15000000000000002
9258.258296084636	1200	7.107279516673593	0.0	521946	6722.404526780733	0.9	0.29999999999999993
9263.08853052453	750	6.277045076778895	0.0	359492	4830.234439894699	0.45	0.3
9264.846395033408	300	8.5191805679006	0.0	119601	1757.8645088782962	0.45	-0.15000000000000002
9273.366690227303	750	4.0	0.0011146259957349684	392588	8520.295193896334	0.45	0.28885374004265035
9275.159722453287	300	6.206967774017676	0.0	143746	1793.0322259823236	0.45	-0.15000000000000002
9276.941536472385	300	8.425153754920975	0.0	181361	1781.8140190967017	0.0	0.3
9280.745780397367	750	8.620909829937869	0.0	375109	3804.243924983106	0.45	0.3
9284.427157838381	750	8.939532388923032	0.0	439591	3681.3774410148358	0.0	0.75
9286.817233633265	750	10.549456594040734	0.0	281068	2390.0757948823	0.0	0.75
9292.689731857165	1200	8.676958370141435	0.0	709814	5872.498223899299	0.45	0.75
9296.2329270253	750	9.133763202006136	0.0	492258	3543.1951681352975	0.45	0.3
9300.841081796774	1200	8.525608430531246	0.0	621262	4608.154771474888	0.45	0.75
9302.307867642105	750	11.058822585200964	0.0	213933	1466.7858453302838	0.45	0.3
9309.583514671456	1850	7.783175555849645	0.0	1034468	7275.647029351318	1.1	0.75
9311.39541169842	750	9.97127852888526	0.0	266795	1811.8970269643842	1.1	-0.3500000000000001
9314.949708467071	1200	10.416981760232593	0.0	536446	3554.2967686526686	0.45	0.75
9319.857036841127	1200	9.509653386175986	0.0	667775	4907.328374056608	0.0	1.2
9324.494979016115	1200	8.871711211187888	0.0	691562	4637.942174988098	0.0	1.2
9327.458743845598	750	9.907946381705049	0.0	382374	2963.76482948284	0.45	0.3
9331.879475982694	1200	9.487214244609131	0.0	504922	4420.732137095919	0.45	0.75
9337.632713700745	1200	7.733976526558266	0.0	639905	5753.237718050866	0.0	1.2
9342.458719504984	750	6.907970722319256	0.0	477065	4826.00580423901	0.45	0.3
9344.336965135264	300	9.029725092040346	0.0	178996	1878.24563027891	0.45	-0.15000000000000002
9351.181439131245	1200	6.185251096058069	0.0	779573	6844.473995982276	0.9	0.29999999999999993
9352.517839302984	300	8.848850924319496	0.0	181068	1336.4001717385736	0.9	-0.6000000000000001
9355.20880814233	750	10.157882084972956	0.0	356943	2690.9688393465394	0.45	0.3

