374.9586687796141	300	4.0	0.8116292189865839	134752	811.629218986584	0.0	-7.816292189865838
376.4025276933583	750	6.55614108625576	0.0	332003	1443.8589137442393	0.45	0.3
383.38942376539063	1200	4.0	0.4307549857765625	717058	6986.896072032323	0.45	-3.5575498577656255
388.4433163377486	750	4.0	1.0538925723579569	450960	5053.892572357957	0.45	-10.238925723579568
389.73072983922646	300	6.712586498522131	0.0	153491	1287.4135014778683	0.45	-0.15000000000000002
391.06028434778034	300	9.383031989968282	0.0	150777	1329.5545085538497	0.0	0.3
393.4063895738123	750	11.03692676393631	0.0	297133	2346.105226031972	0.45	0.3
395.9080309373996	750	12.535285400348995	0.0	254508	2501.6413635873137	0.0	0.75
399.1090243590228	750	13.334291978725789	0.0	358136	3200.993421623207	0.0	0.75
402.84707454412677	750	13.596241793621854	0.0	452035	3738.0501851039353	0.0	0.75
404.7142476437237	750	15.729068694024948	0.0	212467	1867.1730995969056	0.0	0.75
406.3375104393396	750	18.105805898409024	0.0	212764	1623.2627956159229	0.0	0.75
413.9441318628339	1200	14.499184474914708	0.0	798076	7606.621423494316	0.45	0.75
422.67861424949325	1200	9.764702088255405	0.0	732887	8734.482386659303	0.0	1.2
426.7713469078348	750	9.671969429913844	0.0	468278	4092.7326583415597	0.45	0.3
429.499314701667	750	10.944001636081673	0.0	350673	2727.9677938321715	0.0	0.75
431.8755878049658	750	12.56772853278287	0.0	313909	2376.273103298806	0.0	0.75
435.1400631405644	750	13.303253197184283	0.0	412433	3264.4753355985845	0.0	0.75
438.20267680086994	750	14.240639536878705	0.0	385116	3062.6136603055793	0.0	0.75
442.9734061409576	1200	13.469910196791007	0.0	583475	4770.729340087699	0.45	0.75
449.1793210924219	1200	11.263995245326758	0.0	770303	6205.914951464249	0.0	1.2
453.6279253994868	1200	10.815390938261855	0.0	558018	4448.604307064902	0.0	1.2
458.10223287929387	1200	10.341083458454785	0.0	521946	4474.30747980707	0.0	1.2
464.9618897017697	1200	7.48142663597892	0.0	659492	6859.656822475865	0.0	1.2
468.53497380292004	750	7.908342534828583	0.0	411585	3573.084101150336	0.45	0.3
470.8798651063218	750	9.563451231426804	0.0	392588	2344.8913034017796	0.0	0.75
472.78514192170957	750	11.658174416039055	0.0	261042	1905.276815387747	0.0	0.75
475.6218828818038	750	12.82143345594483	0.0	370437	2836.740960094226	0.0	0.75
478.37797981876145	750	14.065336518987165	0.0	375109	2756.0969369576655	0.0	0.75
481.6583027958869	750	14.785013541861714	0.0	439591	3280.322977125449	0.0	0.75
484.05549141959835	750	16.3878249181503	0.0	281068	2397.188623711412	0.0	0.75
487.11522895419773	750	17.328087383550905	0.0	409814	3059.7375345993955	0.0	0.75
491.23126472248106	750	17.212051615267537	0.0	492258	4116.035768283367	0.0	0.75
494.0962487731332	750	18.347067564615426	0.0	321262	2864.9840506521086	0.0	0.75
495.8279833535108	750	20.61533298423785	0.0	213933	1731.7345803775788	0.0	0.75
499.8731042045902	750	20.570212133158428	0.0	434468	4045.1208510794218	0.0	0.75
503.324145288801	750	21.11917104894766	0.0	266795	3451.041084210768	0.0	0.75
506.39489568553074	750	22.048420652217892	0.0	236446	3070.7503967297657	0.0	0.75
510.80626787743023	750	21.637048460318393	0.0	367775	4411.372191899502	0.0	0.75
515.0096553424839	750	21.4336609952647	0.0	391562	4203.387465053697	0.0	0.75
518.7294439519474	750	21.71387238580126	0.0	382374	3719.788609463436	0.0	0.75
520.8492757559541	750	23.594040581794616	0.0	204922	2119.831804006646	0.0	0.75
524.940325763951	750	23.502990573797643	0.0	339905	4091.050007996973	0.0	0.75
531.2772241270688	750	21.166092210679775	0.0	477065	6336.898363117871	0.0	0.75
538.5381933367984	750	17.90512300095026	0.0	486670	7260.969209729513	0.0	0.75
554.3194107439292	750	6.123905593819389	0.0	479573	15781.217407130873	0.0	0.75
560.8933929875159	300	4.0	0.45007664976733486	181068	6573.982243586724	0.45	-4.650766497673349
566.2393862304078	300	4.0	1.3459932428919266	178742	5345.9932428919265	0.0	-13.159932428919266

