13630.46107781092	300	4.0	1.7030395317704212	134752	1703.0395317704213	0.0	-16.73039531770421
13631.756755522429	300	6.704322288492041	0.0	100931	1295.6777115079583	0.0	0.3
13632.891296885246	300	9.569780925674353	0.0	161324	1134.541362817689	0.0	0.3
13634.38423543095	300	12.076842379969607	0.0	185986	1492.9385457047476	0.0	0.3
13635.535563160522	300	14.92551465039892	0.0	153491	1151.3277295706862	0.0	0.3
13638.369469172323	750	16.091608638597478	0.0	379669	2833.9060118014413	0.45	0.3
13640.73456283318	750	17.726514977740486	0.0	297133	2365.0936608569928	0.0	0.75
13642.763236369814	750	19.697841441106274	0.0	254508	2028.6735366342102	0.0	0.75
13645.53757263084	750	20.9235051800821	0.0	358136	2774.3362610241743	0.0	0.75
13648.911300346805	750	21.549777464115973	0.0	452035	3373.7277159661257	0.0	0.75
13650.335997019762	750	24.125080791158755	0.0	212467	1424.696672957219	0.0	0.75
13653.64082150055	1200	24.820256310369974	0.0	512764	3304.8244807887804	0.45	0.75
13659.513545781314	1200	22.947532029605828	0.0	798076	5872.724280764143	0.0	1.2
13666.33929983511	1200	20.121777975810783	0.0	732887	6825.754053795045	0.0	1.2
13673.249279385092	1200	17.211798425829414	0.0	768278	6909.97954998137	0.0	1.2
13681.400159338205	1200	13.060918472714786	0.0	650673	8150.879953114627	0.0	1.2
13684.76414922894	750	13.696928581980579	0.0	313909	3363.9898907342067	0.45	0.3
13688.268427644063	750	14.192650166858384	0.0	412433	3504.2784151221954	0.0	0.75
13691.551581100937	750	14.909496709983483	0.0	385116	3283.1534568749007	0.0	0.75
13694.19338247478	750	16.267695336141223	0.0	283475	2641.8013738422615	0.0	0.75
13697.94616114097	750	16.514916669952335	0.0	470303	3752.778666188888	0.0	0.75
13700.216275487852	750	18.244802323069568	0.0	258018	2270.1143468827636	0.0	0.75
13704.698824327865	1200	17.762253483056014	0.0	521946	4482.548840013555	0.45	0.75
13709.867931327964	1200	16.59314648295651	0.0	659492	5169.107000099505	0.0	1.2
13715.390816958055	1200	15.070260852866625	0.0	711585	5522.885630089885	0.0	1.2
13722.078987629371	1200	12.382090181550971	0.0	692588	6688.170671315652	0.0	1.2
13726.106996576098	1200	12.354081234823425	0.0	561042	4028.0089467275457	0.0	1.2
13731.05573461993	1200	11.405343190993582	0.0	670437	4948.738043829841	0.0	1.2
13737.245566399215	1200	9.215511411706816	0.0	675109	6189.8317792867665	0.0	1.2
13744.587444021688	1200	5.873633789233242	0.0	739591	7341.877622473573	0.0	1.2
13747.610558685545	750	6.85051912537709	0.0	281068	3023.1146638561527	0.45	0.3
13751.721667348822	750	6.739410462098855	0.0	409814	4111.108663278235	0.0	0.75
13756.637298725544	750	5.823779085378376	0.0	492258	4915.631376720478	0.0	0.75
13760.004107711617	750	6.45697009930531	0.0	321262	3366.808986073066	0.0	0.75
13761.92939094548	750	8.53168686544237	0.0	213933	1925.2832338629387	0.0	0.75
13766.02918765125	750	8.431890159672538	0.0	434468	4099.796705769833	0.0	0.75
13768.269323	750	10.19175481091972	0.0	266795	2240.1353487528177	0.0	0.75
13770.398961008254	750	12.06211680266694	0.0	236446	2129.6380082527785	0.0	0.75
13773.474630443057	750	12.986447367865011	0.0	367775	3075.6694348019287	0.0	0.75
13777.29211397347	750	13.168963837451704	0.0	391562	3817.483530413309	0.0	0.75
13780.908459419514	750	13.55261839140924	0.0	382374	3616.345446042464	0.0	0.75
13782.500694232176	750	15.960383578745105	0.0	204922	1592.234812664134	0.0	0.75
13785.985097499582	750	16.47598031133975	0.0	339905	3484.403267405356	0.0	0.75
13792.89659195302	750	13.564485857901685	0.0	477065	6911.494453438065	0.0	0.75
13799.837955430783	750	10.623122380138392	0.0	486670	6941.3634777632915	0.0	0.75
13803.950773698281	750	10.51030411264035	0.0	479573	4112.8182674980435	0.0	0.75
13806.600057268259	750	11.861020542663505	0.0	303693	2649.2835699768434	0.0	0.75
13811.849541875235	1200	10.611535935686044	0.0	656943	5249.484606977461	0.45	0.75

