13889.315696585016	300	4.0	1.597596947601862	134752	1597.5969476018622	0.0	-15.67596947601862
13890.519524687496	300	6.796171897521951	0.0	100931	1203.828102478049	0.0	0.3
13891.734507840116	300	9.58118874490177	0.0	161324	1214.9831526201806	0.0	0.3
13893.341340857934	300	11.97435572708325	0.0	185986	1606.8330178185215	0.0	0.3
13894.724926403254	300	14.590770181762526	0.0	153491	1383.5855453207248	0.0	0.3
13896.05961754064	300	17.256079044375785	0.0	150777	1334.6911373867426	0.0	0.3
13897.418367119597	300	19.89732946541999	0.0	148597	1358.7495789557943	0.0	0.3
13898.684550419635	300	22.631146165381658	0.0	161722	1266.1833000383315	0.0	0.3
13900.081806055825	300	25.233890529193182	0.0	197133	1397.2556361884765	0.0	0.3
13901.122379322322	300	28.193317262696464	0.0	154508	1040.5732664967177	0.0	0.3
13902.573156646244	750	30.74253993877414	0.0	212467	1450.7773239223218	0.45	0.3
13904.465317682181	750	32.850378902837186	0.0	212764	1892.1610359369627	0.0	0.75
13905.874049639697	300	35.441646945321295	0.0	167782	1408.7319575158888	0.45	-0.15000000000000002
13909.042400925411	750	36.273295659607015	0.0	432887	3168.351285714275	0.45	0.3
13912.722779545527	750	36.592917039490345	0.0	468278	3680.3786201166686	0.0	0.75
13918.724712772399	1200	34.59098381261805	0.0	650673	6001.933226872301	0.45	0.75
13923.976321532133	1200	33.33937505288426	0.0	613909	5251.60875973379	0.0	1.2
13932.119411580352	1850	29.196285004664794	0.0	1012433	8143.090048219463	0.65	1.2000000000000002
13938.641081554102	1850	26.674615030914953	0.0	985116	6521.66997374984	0.0	1.85
13942.633042156122	1200	26.682654428896655	0.0	583475	3991.960602018298	0.65	0.5499999999999999
13948.802984532402	1200	24.512712052617093	0.0	770303	6169.942376279559	0.0	1.2
13950.834008043881	750	26.481688541136272	0.0	258018	2031.0235114808227	0.45	0.3
13952.396737719073	750	28.91895886594499	0.0	221946	1562.729675191281	0.0	0.75
13953.281431013062	300	32.034265571956254	0.0	106134	884.6932939887336	0.45	-0.15000000000000002
13954.315584658616	300	35.00011192640198	0.0	119601	1034.1536455542773	0.0	0.3
13957.782777943408	750	35.53291864160929	0.0	392588	3467.1932847926864	0.45	0.3
13962.82246940409	1200	34.49322718092824	0.0	561042	5039.691460681052	0.45	0.75
13966.275184204118	750	35.040512380898186	0.0	370437	3452.714800030047	0.45	0.3
13972.836583740436	1200	32.479112844580236	0.0	675109	6561.399536317947	0.45	0.75
13985.608537624252	1200	23.707158960764268	0.0	739591	12771.95388381597	0.0	1.2
13994.987643705035	1200	18.328052879981357	0.0	581068	9379.106080782909	0.0	1.2
14004.033508267628	1200	13.282188317387497	0.0	709814	9045.86456259386	0.0	1.2
14007.404444381255	750	13.911252203762277	0.0	492258	3370.936113625221	0.45	0.3
14008.369288256412	300	16.946408328604477	0.0	108159	964.8438751577996	0.45	-0.15000000000000002
14009.768886422007	300	19.546810163010676	0.0	158018	1399.5981655938003	0.0	0.3
14013.008117545527	750	20.307579039491326	0.0	434468	3239.231123519347	0.45	0.3
14014.790919749572	750	22.524776835446165	0.0	266795	1782.8022040451597	0.0	0.75
14018.033384531544	1200	23.28231205347445	0.0	536446	3242.464781971718	0.45	0.75
14022.953480450662	1200	22.36221613435499	0.0	667775	4920.095919119456	0.0	1.2
14027.68244559751	1200	21.633250987508738	0.0	691562	4728.965146846255	0.0	1.2
14031.873873478327	1200	21.441823106690826	0.0	682374	4191.427880817913	0.0	1.2
14036.015249219465	1200	21.300447365553676	0.0	504922	4141.375741137151	0.0	1.2
14043.472046446592	1200	17.843650138425293	0.0	639905	7456.797227128383	0.0	1.2
14047.673171376178	750	17.642525208839274	0.0	477065	4201.124929586018	0.45	0.3
14049.109742964945	300	20.205953620072037	0.0	178996	1436.5715887672386	0.45	-0.15000000000000002
14052.71749160572	750	20.598204979298643	0.0	479573	3607.748640773393	0.45	0.3
14059.193971627179	1200	18.12172495783886	0.0	603693	6476.480021459781	0.45	0.75
14066.63074283648	1200	14.684953748538858	0.0	656943	7436.7712093000055	0.0	1.2

