13524.101824360123	300	4.0	1.597596947601862	134752	1597.5969476018622	0.0	-15.67596947601862
13525.3056524626	300	6.796171897521951	0.0	100931	1203.828102478049	0.0	0.3
13526.520635615223	300	9.58118874490177	0.0	161324	1214.9831526201806	0.0	0.3
13528.127468633042	300	11.97435572708325	0.0	185986	1606.8330178185215	0.0	0.3
13529.511054178362	300	14.590770181762526	0.0	153491	1383.5855453207248	0.0	0.3
13530.845745315748	300	17.256079044375785	0.0	150777	1334.6911373867426	0.0	0.3
13532.204494894704	300	19.89732946541999	0.0	148597	1358.7495789557943	0.0	0.3
13533.470678194743	300	22.631146165381658	0.0	161722	1266.1833000383315	0.0	0.3
13534.867933830932	300	25.233890529193182	0.0	197133	1397.2556361884765	0.0	0.3
13535.908507097429	300	28.193317262696464	0.0	154508	1040.5732664967177	0.0	0.3
13537.35928442135	750	30.74253993877414	0.0	212467	1450.7773239223218	0.45	0.3
13539.251445457287	750	32.850378902837186	0.0	212764	1892.1610359369627	0.0	0.75
13543.05807524665	750	33.043749113473254	0.0	498076	3806.629789363924	0.0	0.75
13546.18814109828	750	33.91368326184332	0.0	432887	3130.065851629939	0.0	0.75
13550.595913460797	750	33.50591089932718	0.0	468278	4407.772362516133	0.0	0.75
13553.76106729065	750	34.34075706947411	0.0	350673	3165.153829853071	0.0	0.75
13556.059709666362	750	36.04211469376309	0.0	313909	2298.6423757110165	0.0	0.75
13562.258151167103	1200	33.84367319302082	0.0	712433	6198.441500742269	0.45	0.75
13567.910637662504	1200	32.19118669762185	0.0	685116	5652.486495398963	0.0	1.2
13571.940050229176	1200	32.16177413095065	0.0	583475	4029.412566671211	0.0	1.2
13576.707227958215	1200	31.3945964019094	0.0	770303	4767.177729041247	0.0	1.2
13581.071221595075	1200	31.030602765050638	0.0	558018	4363.993636858762	0.0	1.2
13585.412223703754	1200	30.689600656372853	0.0	521946	4341.002108677782	0.0	1.2
13590.548489837394	1200	29.55333452273081	0.0	659492	5136.266133642043	0.0	1.2
13596.62487659946	1200	27.476947760665475	0.0	711585	6076.386762065335	0.0	1.2
13602.962677955938	1200	25.13914640418833	0.0	692588	6337.8013564771445	0.0	1.2
13609.036631003482	1200	23.065193356644507	0.0	561042	6073.953047543822	0.0	1.2
13615.541190737364	750	20.56063362276377	0.0	370437	6504.559733880739	0.45	0.3
13627.540094652242	1200	12.561729707884476	0.0	675109	11998.903914879293	0.45	0.75
13634.691860897012	750	9.409963463115222	0.0	439591	7151.766244769255	0.45	0.3
13636.168211975386	300	11.93361238474113	0.0	124205	1476.3510783740926	0.45	-0.15000000000000002
13637.610651131388	300	14.491173228739601	0.0	147805	1442.4391560015285	0.0	0.3
13639.058679940494	300	17.04314441963398	0.0	163354	1448.028809105619	0.0	0.3
13639.993736553333	300	20.10808780679362	0.0	108159	935.0566128403601	0.0	0.3
13641.103225231014	300	22.998599129113988	0.0	158018	1109.4886776796334	0.0	0.3
13644.312989540029	750	23.788834820098074	0.0	434468	3209.764309015915	0.45	0.3
13645.490738702885	300	26.611085657240682	0.0	128420	1177.7491628573932	0.45	-0.15000000000000002
13646.943575449717	300	29.158248910409746	0.0	176603	1452.8367468309352	0.0	0.3
13648.113837746183	300	31.987986613944013	0.0	180513	1170.2622964657335	0.0	0.3
13650.659538052	750	33.44228630812589	0.0	391562	2545.700305818129	0.45	0.3
13652.948711205465	750	35.15311315466078	0.0	382374	2289.1731534651035	0.0	0.75
13654.435498853816	750	37.66632550630988	0.0	204922	1486.7876483508953	0.0	0.75
13657.03919700348	750	39.06262735664643	0.0	339905	2603.698149663455	0.0	0.75
13660.46856080719	750	39.633263552936	0.0	477065	3429.3638037104356	0.0	0.75
13663.675041893594	750	40.426782466533666	0.0	486670	3206.4810864023298	0.0	0.75
13668.902452452448	1200	39.199371907679144	0.0	779573	5227.410558854522	0.45	0.75
13678.472781340806	1850	33.62904301932303	0.0	903693	9570.32888835612	0.65	1.2000000000000002
13686.333985733172	1850	29.767838626957587	0.0	956943	7861.20439236544	0.0	1.85

