5074.009058555074	300	4.0	0.6783704929794913	134752	678.3704929794912	0.0	-6.4837049297949125
5074.537245834127	300	7.471812720947273	0.0	100931	528.1872790527268	0.0	0.3
5075.8717302448395	300	10.13732831023524	0.0	161324	1334.4844107120334	0.0	0.3
5077.364668790545	300	12.64438976453049	0.0	185986	1492.9385457047476	0.0	0.3
5078.267737541227	300	15.74132101384863	0.0	153491	903.0687506818616	0.0	0.3
5078.98574161691	300	19.0233169381662	0.0	150777	718.0040756824316	0.0	0.3
5080.190536758769	750	21.818521796306776	0.0	297133	1204.7951418594246	0.45	0.3
5083.023021472314	1200	22.986037082761037	0.0	554508	2832.4847135457408	0.45	0.75
5086.152521042492	1200	23.856537512583685	0.0	658136	3129.499570177351	0.0	1.2
5090.727569447688	1850	23.281489107386363	0.0	1052035	4575.048405197323	0.65	1.2000000000000002
5094.352022101887	1850	23.65703645318765	0.0	812467	3624.4526541987107	0.0	1.85
5098.511274279601	1850	23.497784275474395	0.0	812764	4159.252177713256	0.0	1.85
5104.324238478563	1850	21.68482007651243	0.0	1098076	5812.964198961962	0.0	1.85
5110.298664538662	1850	19.710394016413236	0.0	1032887	5974.426060099193	0.0	1.85
5115.304593901737	1850	18.704464653338192	0.0	1068278	5005.9293630750435	0.0	1.85
5119.995926960577	1850	18.013131594497775	0.0	950673	4691.333058840416	0.0	1.85
5124.581931879676	1850	17.42712667539924	0.0	913909	4586.004919098539	0.0	1.85
5129.545868053089	1850	16.46319050198653	0.0	1012433	4963.936173412707	0.0	1.85
5133.854078098691	1850	16.154980456384337	0.0	985116	4308.210045602195	0.0	1.85
5138.223132304501	1850	15.785926250574834	0.0	883475	4369.0542058095025	0.0	1.85
5143.290085997327	1850	14.71897255774858	0.0	1070303	5066.953692826254	0.0	1.85
5147.171363511158	1200	14.837695043917629	0.0	558018	3881.277513830952	0.65	0.5499999999999999
5149.933419840402	1200	16.07563871467386	0.0	521946	2762.0563292437687	0.0	1.2
5153.158323127383	1200	16.85073542769348	0.0	659492	3224.903286980382	0.0	1.2
5158.000523640454	1200	16.008534914622054	0.0	711585	4842.200513071423	0.0	1.2
5163.435484817762	1200	14.57357373731411	0.0	692588	5434.961177307946	0.0	1.2
5165.4107369555895	750	16.59832159948623	0.0	261042	1975.252137827879	0.45	0.3
5168.381093849304	750	17.62796470577165	0.0	370437	2970.356893714577	0.0	0.75
5171.089400908958	750	18.91965764611716	0.0	375109	2708.3070596544953	0.0	0.75
5173.729828481493	750	20.279230073581935	0.0	439591	2640.4275725352245	0.0	0.75
5175.0713638619345	750	22.93769469314139	0.0	281068	1341.5353804405468	0.0	0.75
5175.881572483928	300	26.127486071147704	0.0	147805	810.208621993683	0.45	-0.15000000000000002
5177.8522460351805	750	28.156812519894263	0.0	492258	1970.6735512534435	0.45	0.3
5180.811988038829	1200	29.19707051624534	0.0	621262	2959.7420036489207	0.45	0.75
5183.556024281332	1200	30.4530342737436	0.0	513933	2744.0362425017424	0.0	1.2
5188.162337957935	1850	29.8467205971399	0.0	1034468	4606.313676603701	0.65	1.2000000000000002
5192.106747933787	1850	29.902310621287764	0.0	866795	3944.409975852134	0.0	1.85
5195.886145803309	1850	30.12291275176611	0.0	836446	3779.397869521656	0.0	1.85
5202.191776132366	2850	27.81728242270957	0.0	1221262	6305.630329056536	1.0	1.85
5210.868709178596	2850	23.140349376479573	0.0	1113933	8676.933046229995	0.0	2.85
5220.20916189988	2850	17.79989665519441	0.0	1334468	9340.452721285166	0.0	2.85
5238.25459161184	2850	4.0	0.24553305676451417	1691083	18045.429711958925	0.0	0.3946694323548585
5247.707097509551	1850	4.0	5.452505897711196	939905	9452.505897711197	1.0	-53.675058977111966
5253.753027834045	1200	4.0	2.045930324494044	777065	6045.930324494044	0.65	-19.90930324494044
5256.305425826139	750	5.447602007905618	0.0	486670	2552.3979920943825	0.45	0.3
5257.195352055362	300	8.557675778682768	0.0	144037	889.92622922285	0.45	-0.15000000000000002
5258.552246868772	300	11.200780965271436	0.0	181068	1356.894813411331	0.0	0.3
5261.088615228275	750	12.664412605768883	0.0	356943	2536.3683595025545	0.45	0.3

