18039.40758755076	300	4.0	1.352426767236084	134752	1352.4267672360838	0.0	-13.224267672360838
18040.44065174308	300	6.966935807677028	0.0	100931	1033.0641923229723	0.0	0.3
18041.69338704711	300	9.714200503646483	0.0	161324	1252.7353040305431	0.0	0.3
18045.554997336672	750	9.852590214086307	0.0	450960	3861.610289560176	0.45	0.3
18047.44067979971	750	11.966907751047696	0.0	253491	1885.6824630386116	0.0	0.75
18050.36802620247	750	13.039561348285554	0.0	379669	2927.3464027621435	0.0	0.75
18053.06477106062	750	14.3428164901349	0.0	297133	2696.744858150652	0.0	0.75
18054.981678661123	750	16.425908889629703	0.0	254508	1916.907600505196	0.0	0.75
18057.744384937458	750	17.663202613294345	0.0	358136	2762.706276335357	0.0	0.75
18061.41897864113	750	17.988608909622954	0.0	452035	3674.5937036713917	0.0	0.75
18063.295590226535	750	20.111997324218997	0.0	212467	1876.6115854039601	0.0	0.75
18065.292231512947	750	22.115356037806023	0.0	212764	1996.6412864129702	0.0	0.75
18070.05224945566	750	21.355338095094986	0.0	498076	4760.017942711037	0.0	0.75
18074.09913487619	750	21.308452674566425	0.0	432887	4046.8854205285597	0.0	0.75
18078.85547905129	750	20.55210849946746	0.0	468278	4756.344175098966	0.0	0.75
18085.72106850883	750	17.68651904192586	0.0	350673	6865.589457541601	0.0	0.75
18093.045839367926	750	14.361748182828132	0.0	313909	7324.770859097725	0.0	0.75
18096.751623757293	300	14.65596379346415	0.0	158473	3705.784389363984	0.45	-0.15000000000000002
18099.807475056594	300	15.600112494164827	0.0	112467	3055.8512992993224	0.0	0.3
18106.51144602834	750	12.896141522415107	0.0	283475	6703.970971749722	0.45	0.3
18117.023245747627	750	6.38434180312994	0.0	470303	10511.799719285165	0.0	0.75
18120.445753640204	300	6.961833910551762	0.0	109931	3422.5078925781786	0.45	-0.15000000000000002
18124.454945174297	300	6.952642376461778	0.0	135932	4009.191534089984	0.0	0.3
18126.968499297436	300	8.439088253320328	0.0	106134	2513.554123141451	0.0	0.3
18128.739643242247	300	10.667944308509652	0.0	119601	1771.1439448106755	0.0	0.3
18130.33533151024	300	13.072256040518683	0.0	141082	1595.6882679909681	0.0	0.3
18131.738984186344	300	15.66860336441485	0.0	143746	1403.6526761038338	0.0	0.3
18133.48411370619	300	17.923473844567837	0.0	181361	1745.1295198470136	0.0	0.3
18135.39704336416	300	20.010544186597063	0.0	154044	1912.9296579707732	0.0	0.3
18138.339501323677	300	21.068086227079746	0.0	183475	2942.4579595173172	0.0	0.3
18146.093610297205	750	17.313977253554764	0.0	281068	7754.108973524985	0.45	0.3
18156.97482121197	750	10.432766338784846	0.0	409814	10881.210914769918	0.0	0.75
18160.880341052158	300	10.527246498599919	0.0	163354	3905.5198401849284	0.45	-0.15000000000000002
18163.648263853436	300	11.759323697320491	0.0	108159	2767.9228012794256	0.0	0.3
18168.171015912885	300	11.236571637866403	0.0	158018	4522.7520594540865	0.0	0.3
18171.65089628394	300	11.756691266812659	0.0	121946	3479.8803710537454	0.0	0.3
18173.979750765942	300	13.427836784810326	0.0	128420	2328.8544820023335	0.0	0.3
18176.750177908263	300	14.657409642486417	0.0	176603	2770.4271423239093	0.0	0.3
18184.353634494484	750	11.05395305626663	0.0	367775	7603.456586219787	0.45	0.3
18187.907596066685	300	11.499991484067984	0.0	161516	3553.961572198646	0.45	-0.15000000000000002
18192.378439472734	300	11.02914807801785	0.0	161042	4470.843406050134	0.0	0.3
18196.580220319935	300	10.827367230817345	0.0	161603	4201.780847200506	0.0	0.3
18199.016815878196	300	12.390771672552754	0.0	121636	2436.5955582645906	0.0	0.3
18206.65431546243	750	8.753272088320552	0.0	477065	7637.499584232202	0.45	0.3
18209.00571267181	300	10.401874878940228	0.0	178996	2351.397209380322	0.45	-0.15000000000000002
18211.570340551134	300	11.837246999613933	0.0	144037	2564.627879326296	0.0	0.3
18215.101891072896	300	12.305696477852754	0.0	181068	3531.55052176118	0.0	0.3
18218.56227042036	300	12.845317130385498	0.0	178742	3460.3793474672575	0.0	0.3

