8228.326149567607	300	4.0	1.7851941832398543	134752	1785.1941832398543	0.0	-17.551941832398544
8229.656878595735	300	6.669270971871387	0.0	100931	1330.7290281286137	0.0	0.3
8231.193250511757	300	9.132899055851032	0.0	161324	1536.3719160203543	0.0	0.3
8232.860871887162	300	11.465277680445949	0.0	185986	1667.6213754050843	0.0	0.3
8234.614861828713	750	13.711287738893287	0.0	253491	1753.989941552662	0.45	0.3
8235.92158562676	300	16.404563940847563	0.0	150777	1306.723798045723	0.45	-0.15000000000000002
8237.315096059607	300	19.01105350799987	0.0	148597	1393.5104328476914	0.0	0.3
8239.787221912762	750	20.53892765484643	0.0	254508	2472.1258531534413	0.45	0.3
8247.142771348052	1200	17.18337821955593	0.0	658136	7355.549435290501	0.45	0.75
8254.778339564627	750	13.547810002980162	0.0	452035	7635.568216575766	0.45	0.3
8256.120034560432	300	16.206115007175132	0.0	127064	1341.69499580503	0.45	-0.15000000000000002
8257.047797640911	300	19.27835192669554	0.0	106819	927.7630804795948	0.0	0.3
8258.716076965698	300	21.61007260190838	0.0	167782	1668.2793247871543	0.0	0.3
8260.565697290549	300	23.76045227705776	0.0	176784	1849.6203248506222	0.0	0.3
8261.748837936828	300	26.577311630779743	0.0	127732	1183.1406462780192	0.0	0.3
8263.085410768921	300	29.24073879868499	0.0	164342	1336.5728320947537	0.0	0.3
8266.09796232007	750	30.22818724753723	0.0	313909	3012.551551147756	0.45	0.3
8269.96907143753	750	30.357078130076925	0.0	412433	3871.1091174603102	0.0	0.75
8279.261726505247	1200	25.06442306235971	0.0	685116	9292.655067717214	0.45	0.75
8287.273193710102	1200	21.052955857504923	0.0	583475	8011.467204854788	0.0	1.2
8292.779119958523	1200	19.547029609083953	0.0	770303	5505.9262484209685	0.0	1.2
8295.138651871712	750	21.187497695894344	0.0	258018	2359.5319131896094	0.45	0.3
8297.408639571639	750	22.917509995967592	0.0	221946	2269.987699926752	0.0	0.75
8298.462825288123	300	25.86332427948369	0.0	106134	1054.1857164839007	0.45	-0.15000000000000002
8299.508271264403	300	28.817878303203543	0.0	119601	1045.4459762801503	0.0	0.3
8300.567149974357	300	31.758999593250067	0.0	141082	1058.878709953474	0.0	0.3
8302.05262991509	300	34.273519652515816	0.0	143746	1485.4799407342523	0.0	0.3
8305.858400387257	750	34.46774918034843	0.0	370437	3805.7704721673877	0.45	0.3
8309.7561632772	750	34.5699862904074	0.0	375109	3897.7628899410342	0.0	0.75
8314.368559470498	750	33.957590097108174	0.0	439591	4612.396193299222	0.0	0.75
8318.296716648798	750	34.02943291880899	0.0	281068	3928.1571782991778	0.0	0.75
8323.940382259987	750	32.385767307618764	0.0	409814	5643.6656111902275	0.0	0.75
8333.869505504274	750	26.45664406333288	0.0	492258	9929.12324428588	0.0	0.75
8335.369777466058	300	28.956372101549174	0.0	108159	1500.271961783705	0.45	-0.15000000000000002
8336.917837762281	300	31.40831180532504	0.0	158018	1548.0602962241364	0.0	0.3
8338.221127312814	300	34.105022254792004	0.0	121946	1303.289550533035	0.0	0.3
8339.640853563138	300	36.68529600446895	0.0	128420	1419.7262503230518	0.0	0.3
8341.408938438231	300	38.917211129374586	0.0	176603	1768.0848750943671	0.0	0.3
8342.954842325964	300	41.37130724164386	0.0	180513	1545.9038877307246	0.0	0.3
8346.266715845408	750	42.05943372219902	0.0	391562	3311.873519444839	0.45	0.3
8349.56896059145	750	42.757188976155206	0.0	382374	3302.2447460438116	0.0	0.75
8351.452170038407	750	44.87397952920059	0.0	204922	1883.2094469546212	0.0	0.75
8356.169456355552	1200	44.156693212055025	0.0	639905	4717.286317145562	0.45	0.75
8361.832176052894	1200	42.493973514712145	0.0	777065	5662.71969734288	0.0	1.2
8369.332276688865	1850	38.99387287874147	0.0	1086670	7500.100635970672	0.65	1.2000000000000002
8380.32628445558	2850	31.99986511202765	0.0	1594984	10994.007766713827	1.0	1.85
8389.219655839323	2850	27.10649372828428	0.0	1282374	8893.371383743366	0.0	2.85
8399.395535070993	2850	20.930614496612918	0.0	1104922	10175.879231671363	0.0	2.85

