8952.857056787749	300	4.0	1.7851941832398543	134752	1785.1941832398543	0.0	-17.551941832398544
8954.187785815877	300	6.669270971871387	0.0	100931	1330.7290281286137	0.0	0.3
8955.724157731896	300	9.132899055851032	0.0	161324	1536.3719160203543	0.0	0.3
8957.3917791073	300	11.465277680445949	0.0	185986	1667.6213754050843	0.0	0.3
8958.546373508323	300	14.31068327942261	0.0	153491	1154.5944010233377	0.0	0.3
8961.579887684717	750	15.27716910302924	0.0	379669	3033.514176393371	0.45	0.3
8964.469182354112	750	16.38787443363244	0.0	297133	2889.2946693967965	0.0	0.75
8966.966300251219	750	17.8907565365268	0.0	254508	2497.1178971056397	0.0	0.75
8971.236245863534	750	17.620810924212527	0.0	358136	4269.945612314274	0.0	0.75
8979.085115800024	750	13.771940987722589	0.0	452035	7848.869936489941	0.0	0.75
8981.15881584806	750	15.698240939687313	0.0	212467	2073.700048035274	0.0	0.75
8983.177455233652	750	17.679601554096035	0.0	212764	2018.6393855912797	0.0	0.75
8987.627097322835	750	17.22995946491344	0.0	498076	4449.642089182598	0.0	0.75
8991.741885379985	750	17.11517140776261	0.0	432887	4114.7880571508285	0.0	0.75
8996.986740910303	750	15.870315877445028	0.0	468278	5244.855530317582	0.0	0.75
9001.761921703177	750	15.095135084571725	0.0	350673	4775.180792873303	0.0	0.75
9007.742812178982	750	13.114244608766166	0.0	313909	5980.890475805557	0.0	0.75
9011.750597211301	750	13.106459576447898	0.0	412433	4007.7850323182683	0.0	0.75
9014.759818754355	750	14.097238033395502	0.0	385116	3009.221543052395	0.0	0.75
9016.593341037	750	16.2637157507503	0.0	283475	1833.5222826452034	0.0	0.75
9020.81212525667	750	16.044931531079815	0.0	470303	4218.784219670484	0.0	0.75
9023.329113848069	750	17.527942939680837	0.0	258018	2516.988591398979	0.0	0.75
9025.00699821503	750	19.850058572719377	0.0	221946	1677.8843669614619	0.0	0.75
9028.575202691389	750	20.281854096360636	0.0	359492	3568.2044763587414	0.0	0.75
9032.942130238152	750	19.91492654959642	0.0	411585	4366.9275467642165	0.0	0.75
9036.943987960452	750	19.913068827297895	0.0	392588	4001.857722298524	0.0	0.75
9040.058818516447	750	20.798238271303074	0.0	261042	3114.830555994822	0.0	0.75
9045.650640914562	750	19.206415873185595	0.0	370437	5591.822398117483	0.0	0.75
9050.545431455206	750	18.311625332541862	0.0	375109	4894.790540643731	0.0	0.75
9059.63806906202	750	13.218987725726837	0.0	439591	9092.637606815026	0.0	0.75
9062.415411844977	750	14.44164494277131	0.0	281068	2777.3427829555253	0.0	0.75
9064.022201705533	300	16.83485508221564	0.0	147805	1606.7898605556688	0.45	-0.15000000000000002
9065.64134041599	300	19.21571637175861	0.0	163354	1619.1387104570276	0.0	0.3
9068.34177586519	750	20.515280922559622	0.0	321262	2700.435449198991	0.45	0.3
9070.192809290378	750	22.66424749737102	0.0	213933	1851.0334251886034	0.0	0.75
9073.940525111271	750	22.916531676476502	0.0	434468	3747.715820894517	0.0	0.75
9078.506277076083	1200	22.350779711662486	0.0	566795	4565.751964814014	0.45	0.75
9082.442463285392	1200	22.414593502355174	0.0	536446	3936.1862093073096	0.0	1.2
9087.10866632898	1200	21.748390458766075	0.0	667775	4666.203043589099	0.0	1.2
9091.852485869647	1200	21.004570918099205	0.0	691562	4743.819540666871	0.0	1.2
9096.652502694009	1200	20.204554093738086	0.0	682374	4800.016824361119	0.0	1.2
9100.035591919655	1200	20.821464868092438	0.0	504922	3383.089225645648	0.0	1.2
9104.723488191608	1200	20.13356859613912	0.0	639905	4687.896271953315	0.0	1.2
9110.057739041851	1200	18.79931774589509	0.0	777065	5334.25085024403	0.0	1.2
9119.11836056546	1850	13.73869622228549	0.0	1086670	9060.621523609601	0.65	1.2000000000000002
9129.646539841693	1850	7.210516946053065	0.0	1079573	10528.179276232426	0.0	1.85
9135.012162568439	1200	5.844894219307294	0.0	603693	5365.622726745771	0.65	0.5499999999999999
9139.845030529861	1200	5.012026257885007	0.0	656943	4832.867961422287	0.0	1.2

