4756.051847907043	300	4.0	0.6259726444056591	134752	625.9726444056591	0.0	-5.959726444056591
4756.540788516255	300	7.511059390788207	0.0	100931	488.94060921179346	0.0	0.3
4757.2760127567635	300	10.775835150279677	0.0	161324	735.2242405085291	0.0	0.3
4758.132876968808	300	13.918970938235667	0.0	185986	856.8642120440106	0.0	0.3
4758.920445029208	300	17.13140287783432	0.0	153491	787.5680604013482	0.0	0.3
4759.667691326152	300	20.384156580891165	0.0	150777	747.2462969431554	0.0	0.3
4760.971434810568	750	23.080413096475212	0.0	297133	1303.743484415953	0.45	0.3
4767.424243831473	1200	20.627604075569696	0.0	554508	6452.809020905517	0.45	0.75
4774.849509035261	1200	17.20233887178241	0.0	658136	7425.265203787286	0.0	1.2
4778.955291362321	750	17.096556544721942	0.0	452035	4105.782327060466	0.45	0.3
4780.538069525005	300	19.513778382037383	0.0	127064	1582.778162684557	0.45	-0.15000000000000002
4781.468950113937	300	22.58289779310556	0.0	106819	930.8805889318243	0.0	0.3
4782.424644425732	300	25.627203481310584	0.0	167782	955.6943117949738	0.0	0.3
4783.523502091402	300	28.52834581564063	0.0	176784	1098.8576656699552	0.0	0.3
4784.353824366178	300	31.69802354086546	0.0	127732	830.3222747751716	0.0	0.3
4785.314124383875	300	34.73772352316753	0.0	164342	960.3000176979344	0.0	0.3
4787.265098081322	750	36.78674982572016	0.0	313909	1950.9736974473685	0.45	0.3
4789.1448189723715	750	38.90702893467123	0.0	412433	1879.7208910489276	0.0	0.75
4791.099528862157	750	40.952319044885606	0.0	385116	1954.7098897856272	0.0	0.75
4794.09396139696	1200	41.9578865100817	0.0	583475	2994.4325348039083	0.45	0.75
4802.199641565919	1850	37.85220634112293	0.0	1070303	8105.680168958765	0.65	1.2000000000000002
4813.3597479852015	1850	30.692099921839876	0.0	858018	11160.106419283056	0.0	1.85
4827.726239924531	1850	20.325607982510636	0.0	821946	14366.491939329238	0.0	1.85
4835.278876498546	1850	16.77297140849593	0.0	959492	7552.636574014706	0.0	1.85
4844.506823015623	1200	11.545024891419201	0.0	711585	9227.946517076729	0.65	0.5499999999999999
4848.928883117495	750	11.122964789546462	0.0	392588	4422.060101872739	0.45	0.3
4850.209594988645	300	13.842252918396929	0.0	143746	1280.7118711495339	0.45	-0.15000000000000002
4851.5513597714635	300	16.50048813557846	0.0	181361	1341.7647828184708	0.0	0.3
4852.699042202606	300	19.35280570443561	0.0	154044	1147.6824311428525	0.0	0.3
4853.856242810305	300	22.19560509673658	0.0	183475	1157.2006076990326	0.0	0.3
4854.5463573760835	300	25.505490530958184	0.0	124205	690.1145657783928	0.0	0.3
4856.219976750359	750	27.831871156682826	0.0	409814	1673.6193742753549	0.45	0.3
4860.117621288231	1200	27.93422661881159	0.0	792258	3897.644537871238	0.45	0.75
4862.987602376739	1200	29.06424553030231	0.0	621262	2869.981088509283	0.0	1.2
4866.383876587473	1850	29.667971319568267	0.0	813933	3396.274210734042	0.65	1.2000000000000002
4869.280812377244	1200	30.771035529798286	0.0	734468	2896.9357897699824	0.65	0.5499999999999999
4871.73212664968	1200	32.31972125736159	0.0	566795	2451.314272436696	0.0	1.2
4874.119910378114	1200	33.931937528928955	0.0	536446	2387.783728432636	0.0	1.2
4877.082802681107	1200	34.969045225935304	0.0	667775	2962.8923029936523	0.0	1.2
4880.025332686621	1200	36.026515220420315	0.0	691562	2942.530005514994	0.0	1.2
4883.037980657506	1200	37.01386724953637	0.0	682374	3012.647970883946	0.0	1.2
4886.0750616659325	1200	37.9767862411094	0.0	504922	3037.081008426959	0.0	1.2
4898.067667065599	1200	29.98418084144273	0.0	639905	11992.605399666674	0.0	1.2
4904.875269126541	1200	27.17657878050088	0.0	777065	6807.602060941848	0.0	1.2
4908.98592401532	1200	27.065923891721933	0.0	786670	4110.654888778948	0.0	1.2
4914.651196519843	1850	25.400651387198284	0.0	1079573	5665.272504523652	0.65	1.2000000000000002
4919.11570382648	1850	24.936144080561593	0.0	903693	4464.507306636689	0.0	1.85
4924.972307043658	2850	23.079540863383265	0.0	1104922	5856.603217178327	1.0	1.85

