16395.721571155827	300	4.0	1.2172273801730016	134752	1217.2273801730016	0.0	-11.872273801730016
16396.670120725652	300	7.051450430175602	0.0	100931	948.5495698243985	0.0	0.3
16398.84558936235	300	8.875981793479339	0.0	161324	2175.4686366962633	0.0	0.3
16400.614993202365	300	11.106577953462452	0.0	185986	1769.4038400168854	0.0	0.3
16402.17997160818	300	13.54159954764909	0.0	153491	1564.9784058133637	0.0	0.3
16405.0458331007	300	14.675738055126304	0.0	150777	2865.861492522785	0.0	0.3
16408.563114419438	300	15.158456736391683	0.0	148597	3517.2813187346214	0.0	0.3
16412.432757141796	300	15.288814014030933	0.0	161722	3869.642722360749	0.0	0.3
16416.149954051343	300	15.57161710448538	0.0	197133	3717.196909545553	0.0	0.3
16419.17309615092	300	16.548475004908155	0.0	154508	3023.1420995772246	0.0	0.3
16421.63676518405	300	18.08480597177917	0.0	127064	2463.669033128987	0.0	0.3
16423.648782890228	300	20.072788265601126	0.0	106819	2012.0177061780441	0.0	0.3
16427.564379716558	300	20.157191439269678	0.0	167782	3915.5968263314476	0.0	0.3
16433.495358862376	300	18.22621229345268	0.0	176784	5930.979145817	0.0	0.3
16436.747532734793	300	18.97403842103357	0.0	127732	3252.1738724191086	0.0	0.3
16440.151518049915	300	19.570053105911107	0.0	164342	3403.985315122463	0.0	0.3
16443.86447405395	300	19.857097101878097	0.0	154205	3712.9560040330093	0.0	0.3
16448.777522991433	300	18.944048164394687	0.0	158473	4913.04893748341	0.0	0.3
16452.778440021422	300	18.943131134402325	0.0	112467	4000.9170299923635	0.0	0.3
16455.632531377745	300	20.089039778079254	0.0	112764	2854.0913563230692	0.0	0.3
16457.852992196025	300	21.868578959799787	0.0	139768	2220.4608182794673	0.0	0.3
16458.677817558157	300	25.04375359766942	0.0	109931	824.8253621303675	0.0	0.3
16459.517145533395	300	28.20442562243225	0.0	135932	839.3279752371707	0.0	0.3
16460.143134894017	300	31.57843626181138	0.0	106134	625.989360620869	0.0	0.3
16460.828293438317	300	34.89327771751104	0.0	119601	685.1585443003373	0.0	0.3
16462.763894456355	750	36.95767669946919	0.0	392588	1935.6010180418516	0.45	0.3
16465.710239459782	1200	38.01133169604419	0.0	561042	2946.3450034249995	0.45	0.75
16468.508187805404	1200	39.213383350420315	0.0	670437	2797.948345623873	0.0	1.2
16472.035500945636	1200	39.68607021018979	0.0	675109	3527.3131402305253	0.0	1.2
16475.843311485827	1200	39.87825966999874	0.0	739591	3807.810540191048	0.0	1.2
16478.844748660184	1200	40.8768224956418	0.0	581068	3001.4371743569436	0.0	1.2
16486.94398321976	1850	36.777587936064016	0.0	1009814	8099.234559577779	0.65	1.2000000000000002
16496.158446692174	1850	31.563124463653455	0.0	1092258	9214.463472410562	0.0	1.85
16503.60954143971	1850	28.112029716116215	0.0	921262	7451.094747537239	0.0	1.85
16510.296745326094	1850	25.424825829733322	0.0	813933	6687.203886382893	0.0	1.85
16515.499606183523	1200	24.2219649723043	0.0	734468	5202.860857429023	0.65	0.5499999999999999
16519.397828280496	1200	24.32374287532833	0.0	566795	3898.2220969759733	0.0	1.2
16522.96376732353	1200	24.75780383229656	0.0	536446	3565.9390430317676	0.0	1.2
16526.496409122254	1200	25.225162033570754	0.0	667775	3532.6417987258033	0.0	1.2
16529.988979799567	1200	25.732591356256005	0.0	691562	3492.5706773147517	0.0	1.2
16533.52618519804	1200	26.19538595778384	0.0	682374	3537.2053984721642	0.0	1.2
16536.17394972786	1200	27.547621427962333	0.0	504922	2647.764529821508	0.0	1.2
16538.597948838837	1200	29.123622316990637	0.0	639905	2423.9991109716975	0.0	1.2
16544.25978471662	1850	27.46178643920479	0.0	1077065	5661.835877785848	0.65	1.2000000000000002
16553.725115854188	2850	21.9964553016388	0.0	1792063	9465.331137565989	1.0	1.85
16558.59216265864	1850	21.129408497186546	0.0	1079573	4867.046804452257	1.0	0.8500000000000001
16562.64375983194	1850	21.07781132388703	0.0	903693	4051.597173299515	0.0	1.85
16567.249013258657	1850	20.47255789717017	0.0	956943	4605.25342671686	0.0	1.85

