16568.601440025894	300	4.0	1.352426767236084	134752	1352.4267672360838	0.0	-13.224267672360838
16569.634504218215	300	6.966935807677028	0.0	100931	1033.0641923229723	0.0	0.3
16570.887239522246	300	9.714200503646483	0.0	161324	1252.7353040305431	0.0	0.3
16572.342373332605	300	12.259066693286982	0.0	185986	1455.133810359501	0.0	0.3
16573.84022696103	300	14.761213064861764	0.0	153491	1497.8536284252184	0.0	0.3
16575.192188704368	300	17.40925132152326	0.0	150777	1351.9617433385006	0.0	0.3
16576.342584098933	300	20.258855926957136	0.0	148597	1150.3953945661285	0.0	0.3
16577.552202104394	300	23.04923792149791	0.0	161722	1209.6180054592278	0.0	0.3
16579.137380110526	300	25.464059915364427	0.0	197133	1585.1780061334819	0.0	0.3
16580.442799353325	300	28.15864067256594	0.0	154508	1305.4192427984872	0.0	0.3
16581.71877622572	300	30.882663800170725	0.0	127064	1275.9768723952152	0.0	0.3
16582.69560954545	300	33.90583048044148	0.0	106819	976.8333197292493	0.0	0.3
16584.023175899612	300	36.57826412627948	0.0	167782	1327.566354162003	0.0	0.3
16585.378674572854	300	39.22276545303859	0.0	176784	1355.4986732408868	0.0	0.3
16586.515251463028	300	42.086188562861636	0.0	127732	1136.5768901769563	0.0	0.3
16587.684143685925	300	44.91729633996637	0.0	164342	1168.892222895268	0.0	0.3
16588.99529284889	300	47.606147177000466	0.0	154205	1311.1491629659097	0.0	0.3
16590.361051155396	300	50.24038887049588	0.0	158473	1365.758306504586	0.0	0.3
16593.653482126876	750	50.94795789901585	0.0	385116	3292.430971480033	0.45	0.3
16599.27242435828	1200	49.32901566761128	0.0	583475	5618.942231404562	0.45	0.75
16606.678526097887	1200	45.922913928004284	0.0	770303	7406.101739606996	0.0	1.2
16615.628284593764	1200	40.97315543213001	0.0	558018	8949.758495874285	0.0	1.2
16627.940597268243	1200	32.66084275764906	0.0	521946	12312.312674480947	0.0	1.2
16642.661202926323	1200	21.940237099569813	0.0	659492	14720.605658079241	0.0	1.2
16659.01271863524	1200	9.588721390651717	0.0	711585	16351.515708918098	0.0	1.2
16662.76125973847	750	9.8401802874249	0.0	392588	3748.5411032268157	0.45	0.3
16664.555795289743	300	12.045644736151422	0.0	143746	1794.5355512734782	0.45	-0.15000000000000002
16667.557592959285	300	13.043847066607904	0.0	181361	3001.797669543517	0.0	0.3
16671.44831902199	300	13.15312100390012	0.0	154044	3890.726062707784	0.0	0.3
16677.178317829665	300	11.423122196228514	0.0	183475	5729.998807671605	0.0	0.3
16680.199226838504	300	12.402213187390222	0.0	124205	3020.9090088382936	0.0	0.3
16684.137574824617	300	12.463865201277752	0.0	147805	3938.347986112471	0.0	0.3
16688.368727249774	300	12.23271277611962	0.0	163354	4231.152425158132	0.0	0.3
16691.014978502375	300	13.586461523521313	0.0	108159	2646.251252598306	0.0	0.3
16695.102850722124	300	13.498589303772969	0.0	158018	4087.872219748345	0.0	0.3
16698.945146560618	300	13.656293465279822	0.0	121946	3842.295838493149	0.0	0.3
16701.889679296906	300	14.711760728989196	0.0	128420	2944.5327362906246	0.0	0.3
16704.84083752456	300	15.760602501337617	0.0	176603	2951.158227651581	0.0	0.3
16708.51336046855	300	16.088079557346227	0.0	180513	3672.5229439913896	0.0	0.3
16711.806880934244	300	16.794559091655746	0.0	161516	3293.5204656904834	0.0	0.3
16715.040538743582	300	17.560901282314052	0.0	161042	3233.657809341695	0.0	0.3
16718.93888572742	300	17.662554298477904	0.0	161603	3898.3469838361484	0.0	0.3
16722.342965101892	300	18.25847492400603	0.0	121636	3404.0793744718726	0.0	0.3
16725.9414956801	300	18.659944345796344	0.0	139365	3598.53057820969	0.0	0.3
16729.554317305967	300	19.04712271992977	0.0	178996	3612.8216258665684	0.0	0.3
16732.20818229194	300	20.393257733959583	0.0	144037	2653.864985970187	0.0	0.3
16734.707078253687	300	21.894361772210743	0.0	181068	2498.8959617488404	0.0	0.3
16737.255514629476	300	23.345925396421322	0.0	178742	2548.4363757894225	0.0	0.3

