16956.538520080645	300	4.0	1.352426767236084	134752	1352.4267672360838	0.0	-13.224267672360838
16957.571584272966	300	6.966935807677028	0.0	100931	1033.0641923229723	0.0	0.3
16958.824319576997	300	9.714200503646483	0.0	161324	1252.7353040305431	0.0	0.3
16962.685929866555	750	9.852590214086307	0.0	450960	3861.610289560176	0.45	0.3
16963.872713852874	300	12.665806227767932	0.0	153491	1186.7839863183744	0.45	-0.15000000000000002
16965.00143813033	300	15.537081950313647	0.0	150777	1128.7242774542858	0.0	0.3
16966.194978561678	300	18.34354151896553	0.0	148597	1193.5404313481172	0.0	0.3
16967.516137755592	300	21.022382325052696	0.0	161722	1321.1591939128343	0.0	0.3
16969.339629307233	300	23.19889077341268	0.0	197133	1823.491551640017	0.0	0.3
16970.71008266944	300	25.82843741120565	0.0	154508	1370.453362207031	0.0	0.3
16971.735314650257	300	28.803205430390598	0.0	127064	1025.231980815051	0.0	0.3
16972.535888573995	300	32.002631506650445	0.0	106819	800.5739237401541	0.0	0.3
16973.965246970518	300	34.5732731101276	0.0	167782	1429.358396522842	0.0	0.3
16975.28653372656	300	37.25198635408524	0.0	176784	1321.2867560423626	0.0	0.3
16976.321936009415	300	40.21658407123409	0.0	127732	1035.4022828511543	0.0	0.3
16977.762727223824	300	42.775792856822726	0.0	164342	1440.7912144113584	0.0	0.3
16979.07591644382	300	45.46260363682662	0.0	154205	1313.189219996106	0.0	0.3
16980.497249482494	300	48.04127059815249	0.0	158473	1421.3330386741336	0.0	0.3
16984.084199363682	750	48.45432071696573	0.0	385116	3586.9498811867525	0.45	0.3
16989.423736574143	1200	47.11478350650513	0.0	583475	5339.537210460604	0.45	0.75
16997.251527416076	1200	43.286992664572054	0.0	770303	7827.790841933072	0.0	1.2
17002.825633382065	750	41.71288669858536	0.0	258018	5574.105965986696	0.45	0.3
17007.65256827287	750	40.88595180777725	0.0	221946	4826.9348908081065	0.0	0.75
17016.61167508937	750	35.926844991277214	0.0	359492	8959.106816500042	0.0	0.75
17026.468008148247	750	30.07051193239794	0.0	411585	9856.33305887927	0.0	0.75
17035.171541985736	750	25.366978094911175	0.0	392588	8703.533837486768	0.0	0.75
17042.786055989418	750	21.75246409122774	0.0	261042	7614.5140036834355	0.0	0.75
17046.041506551228	300	22.497013529417146	0.0	181361	3255.4505618105945	0.45	-0.15000000000000002
17047.770990531964	300	24.76752954867921	0.0	154044	1729.4839807379374	0.0	0.3
17049.529985497207	300	27.00853458343805	0.0	183475	1758.9949652411592	0.0	0.3
17052.597152804025	750	27.941367276618685	0.0	281068	3067.167306819362	0.45	0.3
17054.946494363132	300	29.5920257175101	0.0	147805	2349.3415591085877	0.45	-0.15000000000000002
17058.665714344046	300	29.872805736596522	0.0	163354	3719.2199809135786	0.0	0.3
17061.803685707357	300	30.734834373288475	0.0	108159	3137.971363308046	0.0	0.3
17066.478471295515	300	30.06004878513003	0.0	158018	4674.785588158449	0.0	0.3
17069.4458920112	300	31.092628069443908	0.0	121946	2967.4207156861203	0.0	0.3
17076.487426294614	750	28.051093786034855	0.0	266795	7041.534283409056	0.45	0.3
17082.32081039681	750	26.21770968384001	0.0	236446	5833.384102194845	0.0	0.75
17097.037461062613	1200	15.501059018037013	0.0	667775	14716.650665802998	0.45	0.75
17104.911176962883	750	11.62734311776985	0.0	391562	7873.7159002671615	0.45	0.3
17114.598285761927	750	5.940234318725608	0.0	382374	9687.108799044243	0.0	0.75
17117.98873766983	300	6.5497824108193	0.0	161603	3390.4519079063084	0.45	-0.15000000000000002
17123.069027859015	750	5.469492221636637	0.0	339905	5080.290189182663	0.45	0.3
17130.650445936437	750	4.0	2.111925855784625	477065	7581.418077421262	0.0	-20.36925855784625
17134.13749843715	300	4.512947499286527	0.0	178996	3487.0525007134734	0.45	-0.15000000000000002
17136.91834257978	300	5.732103356659005	0.0	144037	2780.8441426275226	0.0	0.3
17139.126568100186	300	7.52387783625473	0.0	181068	2208.225520404275	0.0	0.3
17140.829210795942	300	9.821235140496725	0.0	178742	1702.6426957580054	0.0	0.3

