7460.624076847325	300	4.0	1.1868236902569977	134752	1186.8236902569977	0.0	-11.568236902569977
7461.522550553443	300	7.101526293882353	0.0	100931	898.473706117648	0.0	0.3
7462.562305514663	300	10.061771332661367	0.0	161324	1039.7549612209857	0.0	0.3
7463.9614945833955	300	12.662582263929353	0.0	185986	1399.189068732013	0.0	0.3
7465.16390351595	300	15.460173331374843	0.0	153491	1202.4089325545099	0.0	0.3
7466.434823262577	300	18.18925358474777	0.0	150777	1270.9197466270703	0.0	0.3
7467.677289996275	300	20.9467868510493	0.0	148597	1242.4667336984728	0.0	0.3
7468.880086757855	300	23.74399008947038	0.0	161722	1202.7967615789219	0.0	0.3
7471.530064936993	750	25.094011910332224	0.0	358136	2649.9781791381524	0.45	0.3
7476.244910737269	1200	24.379166110056516	0.0	752035	4714.845800275706	0.45	0.75
7478.995723249458	1200	25.628353597867594	0.0	512467	2750.812512188925	0.0	1.2
7481.900517476044	1200	26.723559371281745	0.0	512764	2904.7942265858487	0.0	1.2
7485.397860512928	1200	27.226216334397666	0.0	798076	3497.3430368840814	0.0	1.2
7488.661227358561	1200	27.962849488765183	0.0	732887	3263.36684563248	0.0	1.2
7493.22945256677	1850	27.394624280556723	0.0	1068278	4568.225208208461	0.65	1.2000000000000002
7498.713472263056	1850	25.910604584270814	0.0	950673	5484.019696285908	0.0	1.85
7503.392217477292	1200	25.23185937003422	0.0	613909	4678.745214236598	0.65	0.5499999999999999
7511.808747891866	1200	20.81532895546167	0.0	712433	8416.530414572544	0.0	1.2
7515.514403814001	750	21.109673033326725	0.0	385116	3705.6559221349444	0.45	0.3
7518.747460975678	750	21.876615871649484	0.0	283475	3233.0571616772418	0.0	0.75
7525.00935053055	750	19.61472631677722	0.0	470303	6261.889554872267	0.0	0.75
7528.506212066334	750	20.11786478099364	0.0	258018	3496.8615357835783	0.0	0.75
7530.724081360146	300	21.899995487182405	0.0	135932	2217.8692938112335	0.45	-0.15000000000000002
7536.800281408647	750	19.823795438680726	0.0	359492	6076.200048501678	0.45	0.3
7540.203226269992	750	20.420850577335784	0.0	411585	3402.944861344941	0.0	0.75
7542.58194596981	750	22.042130877518368	0.0	392588	2378.7196998174145	0.0	0.75
7544.272139200746	750	24.351937646582	0.0	261042	1690.193230936365	0.0	0.75
7546.639556388081	750	25.984520459247594	0.0	370437	2367.417187334409	0.0	0.75
7551.180136699801	1200	25.443940147527787	0.0	675109	4540.580311719806	0.45	0.75
7556.807910567193	1850	23.816166280135135	0.0	1039591	5627.773867392654	0.65	1.2000000000000002
7560.946463744295	1850	23.677613103033906	0.0	881068	4138.553177101228	0.0	1.85
7565.56102781341	1850	23.063049033918315	0.0	1009814	4614.564069115588	0.0	1.85
7570.526661361152	1850	22.097415486175993	0.0	1092258	4965.633547742323	0.0	1.85
7577.494986526936	1850	19.129090320391963	0.0	921262	6968.32516578403	0.0	1.85
7582.008713452797	1200	18.61536339453161	0.0	513933	4513.726925860352	0.65	0.5499999999999999
7597.7981348968	1850	6.825941950528115	0.0	1034468	15789.421444003496	0.65	1.2000000000000002
7605.135194752614	1200	4.0	0.5111179052855814	566795	7337.059855813696	0.65	-4.561179052855814
7608.041657869596	750	5.093536883018065	0.0	236446	2906.4631169819354	0.45	0.3
7612.877060963397	750	4.258133789217343	0.0	367775	4835.403093800722	0.0	0.75
7614.299497383536	300	6.835697369078682	0.0	161516	1422.436420138662	0.45	-0.15000000000000002
7617.217452368653	750	7.917742383961848	0.0	382374	2917.9549851168335	0.45	0.3
7620.897215761887	1200	8.237978990727802	0.0	504922	3679.763393234044	0.45	0.75
7623.380823379611	750	9.754371373004354	0.0	339905	2483.6076177234495	0.45	0.3
7627.013778167953	750	10.121416584662192	0.0	477065	3632.95478834216	0.0	0.75
7630.92252019236	750	10.21267456025544	0.0	486670	3908.7420244067516	0.0	0.75
7635.464206187323	750	9.670988565292694	0.0	479573	4541.685994962748	0.0	0.75
7639.236068545798	750	9.899126206817233	0.0	303693	3771.862358475461	0.0	0.75
7643.439738306903	750	9.69545644571311	0.0	356943	4203.669761104123	0.0	0.75

