4523.190916148709	300	4.0	1.7530700499468987	134752	1753.0700499468987	0.0	-17.230700499468988
4524.334889323088	300	6.856026825621562	0.0	100931	1143.9731743784375	0.0	0.3
4525.96652909984	300	9.224387048869279	0.0	161324	1631.6397767522826	0.0	0.3
4529.750144667184	300	9.440771481524973	0.0	185986	3783.615567344307	0.0	0.3
4531.262947198145	300	11.927968950563677	0.0	153491	1512.8025309612942	0.0	0.3
4535.715178639174	750	11.475737509534486	0.0	379669	4452.23144102919	0.45	0.3
4539.644212560986	750	11.546703587723986	0.0	297133	3929.0339218105014	0.0	0.75
4544.118547556958	750	11.072368591751047	0.0	254508	4474.3349959729385	0.0	0.75
4546.750979135556	300	12.439937013153353	0.0	197133	2632.4315785976937	0.45	-0.15000000000000002
4549.910127679676	750	13.280788469032561	0.0	452035	3159.148544120792	0.45	0.3
4551.613279431691	750	15.577636717019242	0.0	212467	1703.1517520133184	0.0	0.75
4553.177139643438	750	18.01377650527178	0.0	212764	1563.8602117474595	0.0	0.75
4556.829514289054	750	18.36140185965545	0.0	498076	3652.37464561633	0.0	0.75
4559.9309652452475	750	19.259950903462062	0.0	432887	3101.4509561933896	0.0	0.75
4565.682602757322	1200	17.50831339138849	0.0	768278	5751.637512073572	0.45	0.75
4570.1804474093	1200	17.010468739410673	0.0	650673	4497.84465197782	0.0	1.2
4574.842522284613	1200	16.348393864097037	0.0	613909	4662.074875313636	0.0	1.2
4580.587828334843	1200	14.603087813867411	0.0	712433	5745.306050229627	0.0	1.2
4587.55756476721	1200	11.633351381499212	0.0	685116	6969.7364323682	0.0	1.2
4594.5693388571935	1200	8.62157729151605	0.0	583475	7011.774089983161	0.0	1.2
4598.172772306117	750	9.018143842593103	0.0	470303	3603.4334489229477	0.45	0.3
4599.81775226812	750	11.373163880589445	0.0	258018	1644.9799620036576	0.0	0.75
4601.414300551781	750	13.776615596929062	0.0	221946	1596.5482836603826	0.0	0.75
4604.293572336506	750	14.897343812203085	0.0	359492	2879.271784725979	0.0	0.75
4608.363950351709	750	14.82696579700065	0.0	411585	4070.3780152024337	0.0	0.75
4612.030193394024	750	15.160722754685139	0.0	392588	3666.2430423155106	0.0	0.75
4615.073024608781	750	16.117891539927363	0.0	261042	3042.8312147577753	0.0	0.75
4618.832884887941	750	16.358031260767586	0.0	370437	3759.860279159779	0.0	0.75
4621.947956209656	750	17.242959939052984	0.0	375109	3115.0713217146044	0.0	0.75
4626.2787281241235	750	16.91218802458603	0.0	439591	4330.771914466953	0.0	0.75
4629.102648774659	750	18.088267374049828	0.0	281068	2823.920650536204	0.0	0.75
4632.620892989207	750	18.57002315950172	0.0	409814	3518.2442145481123	0.0	0.75
4641.53318109596	1200	13.657735052749183	0.0	792258	8912.288106752534	0.45	0.75
4652.277259422238	1200	6.913656726470441	0.0	621262	10744.078326278743	0.0	1.2
4654.775388231342	750	8.415527917367045	0.0	213933	2498.1288091033957	0.45	0.3
4659.166802677555	750	8.024113471153992	0.0	434468	4391.414446213054	0.0	0.75
4662.225582742253	750	8.965333406455658	0.0	266795	3058.780064698334	0.0	0.75
4664.625989507278	750	10.5649266414308	0.0	236446	2400.406765024857	0.0	0.75
4668.83768403645	750	10.353232112259803	0.0	367775	4211.694529170995	0.0	0.75
4672.562111032928	750	10.628805115780965	0.0	391562	3724.426996478838	0.0	0.75
4677.718219318801	750	9.472696829908884	0.0	382374	5156.108285872081	0.0	0.75
4680.346551788517	750	10.844364360192605	0.0	204922	2628.3324697162784	0.0	0.75
4684.3718240036815	750	10.819092145028355	0.0	339905	4025.27221516425	0.0	0.75
4687.9076815991775	750	11.283234549532496	0.0	477065	3535.85759549586	0.0	0.75
4692.303562735139	750	10.887353413570652	0.0	486670	4395.881135961843	0.0	0.75
4698.213096140053	750	8.977820008657858	0.0	479573	5909.533404912795	0.0	0.75
4700.746464670806	750	10.444451477904062	0.0	303693	2533.368530753797	0.0	0.75
4705.804952121913	1200	9.385964026797351	0.0	656943	5058.48745110671	0.45	0.75

