13363.176289972384	300	4.0	2.1409820439319533	134752	2140.9820439319533	0.0	-21.10982043931953
13364.799992319482	300	6.376297652902399	0.0	100931	1623.7023470976012	0.0	0.3
13367.274779606132	300	7.901510366251415	0.0	161324	2474.7872866509842	0.0	0.3
13369.489971775394	300	9.68631819698895	0.0	185986	2215.1921692624646	0.0	0.3
13371.009367466144	300	12.16692250623798	0.0	153491	1519.3956907509685	0.0	0.3
13372.239568359859	300	14.93672161252301	0.0	150777	1230.2008937149717	0.0	0.3
13373.34729192182	300	17.82899805056172	0.0	148597	1107.723561961289	0.0	0.3
13374.55810530051	300	20.61818467187221	0.0	161722	1210.8133786895094	0.0	0.3
13376.8080690767	300	22.36822089568155	0.0	197133	2249.9637761906647	0.0	0.3
13378.626998593834	300	24.54929137854561	0.0	154508	1818.929517135936	0.0	0.3
13379.819969552587	300	27.35632041979334	0.0	127064	1192.9709587522705	0.0	0.3
13381.396083646947	300	29.78020632543285	0.0	106819	1576.1140943604903	0.0	0.3
13384.375655066651	300	30.80063490572999	0.0	167782	2979.571419702859	0.0	0.3
13389.055150085554	300	30.121139886825695	0.0	176784	4679.495018904294	0.0	0.3
13392.514865924748	300	30.66142404763432	0.0	127732	3459.715839191375	0.0	0.3
13396.392184249984	300	30.78410572239729	0.0	164342	3877.31832523703	0.0	0.3
13401.679605290752	300	29.496684681629286	0.0	154205	5287.421040768004	0.0	0.3
13407.192558901315	300	27.983731071066238	0.0	158473	5512.953610563046	0.0	0.3
13417.402548044523	750	21.77374192785782	0.0	385116	10209.989143208419	0.45	0.3
13419.850017938037	300	23.32627203434518	0.0	112764	2447.4698935126407	0.45	-0.15000000000000002
13422.308635604291	300	24.867654368088587	0.0	139768	2458.6176662565904	0.0	0.3
13424.153644664533	300	27.022645307848205	0.0	109931	1845.009060240385	0.0	0.3
13426.49614791673	300	28.680142055650755	0.0	135932	2342.503252197451	0.0	0.3
13428.586917846102	300	30.5893721262794	0.0	106134	2090.769929371355	0.0	0.3
13431.234282081916	300	31.9420078904671	0.0	119601	2647.364235812301	0.0	0.3
13435.22000840742	300	31.95628156496339	0.0	141082	3985.7263255037064	0.0	0.3
13436.945179191662	300	34.23111078072031	0.0	143746	1725.170784243081	0.0	0.3
13438.295935741407	300	36.880354230974504	0.0	181361	1350.756549745805	0.0	0.3
13440.63527267346	750	38.54101729892338	0.0	375109	2339.3369320511265	0.45	0.3
13443.561533119602	750	39.61475685278085	0.0	439591	2926.2604461425303	0.0	0.75
13445.173066645919	750	42.0032233264644	0.0	281068	1611.533526316444	0.0	0.75
13449.947553566815	1200	41.22873640556724	0.0	709814	4774.486920897168	0.45	0.75
13455.44701710891	1200	39.72927286347265	0.0	792258	5499.463542094582	0.0	1.2
13458.7486674911	1200	40.42762248128393	0.0	621262	3301.65038218872	0.0	1.2
13461.910039240976	1200	41.26625073140672	0.0	513933	3161.3717498772144	0.0	1.2
13467.656873398773	1850	39.51941657360981	0.0	1034468	5746.834157796912	0.65	1.2000000000000002
13470.511634880331	1200	40.66465509205262	0.0	566795	2854.7614815571865	0.65	0.5499999999999999
13473.26297645553	1200	41.91331351685359	0.0	536446	2751.3415751990306	0.0	1.2
13477.289347086984	1200	41.88694288539923	0.0	667775	4026.370631454357	0.0	1.2
13484.49662006499	1850	38.67966990739332	0.0	991562	7207.272978005906	0.65	1.2000000000000002
13491.850128421736	1850	35.32616155064673	0.0	982374	7353.508356746592	0.0	1.85
13496.385407702852	1850	34.790882269530634	0.0	804922	4535.279281116089	0.0	1.85
13502.35041491648	1850	32.8258750559018	0.0	939905	5965.007213628845	0.0	1.85
13509.19285869007	1850	29.983431282311248	0.0	1077065	6842.443773590545	0.0	1.85
13513.572553026162	1200	29.60373694621864	0.0	786670	4379.694336092611	0.65	0.5499999999999999
13518.835671127585	1200	28.340618844797216	0.0	779573	5263.118101421423	0.0	1.2
13524.362102805673	1850	26.81418716670719	0.0	903693	5526.431678090028	0.65	1.2000000000000002
13530.133285002119	1850	25.04300497026101	0.0	956943	5771.182196446182	0.0	1.85

