18131.989811587064	750	4.0	5.088587323036435	496896	5088.587323036435	0.0	-50.13587323036435
18132.987005295567	300	7.002806291497043	0.0	100931	997.1937085029566	0.45	-0.15000000000000002
18140.03344922611	750	4.0	0.04363763904704501	417058	7046.443930544088	0.45	-0.13637639047045014
18144.566174165233	300	4.0	0.532724939123611	185986	4532.724939123611	0.45	-5.47724939123611
18147.451883353067	300	5.114290812167198	0.0	153491	2885.709187832802	0.0	0.3
18150.41534252243	300	6.15083164280695	0.0	150777	2963.459169360248	0.0	0.3
18153.305805613472	300	7.260368551759779	0.0	148597	2890.4630910471715	0.0	0.3
18158.492879798338	750	6.07329436689591	0.0	254508	5187.074184863869	0.45	0.3
18164.710592713793	300	4.0	0.14441854855881592	197133	6217.712915454726	0.45	-1.594185485588159
18168.829535760455	300	4.0	0.11894304666374592	154508	4118.943046663746	0.0	-0.8894304666374591
18171.422983249624	300	5.406552510833305	0.0	127064	2593.447489166695	0.0	0.3
18173.865786595255	300	6.963749165202402	0.0	106819	2442.803345630903	0.0	0.3
18178.48649642658	300	6.343039333880292	0.0	167782	4620.7098313221095	0.0	0.3
18184.54679470995	300	4.282741050507814	0.0	176784	6060.298283372479	0.0	0.3
18187.808257518263	300	5.021278242197368	0.0	127732	3261.462808310446	0.0	0.3
18190.073372463543	300	6.756163296916837	0.0	164342	2265.1149452805307	0.0	0.3
18191.116391955828	300	9.71314380463446	0.0	154205	1043.0194922823766	0.0	0.3
18194.700143792677	1200	10.129391967784969	0.0	712433	3583.751836849491	0.9	0.29999999999999993
18198.207182547798	1200	10.622353212667523	0.0	685116	3507.0387551174454	0.0	1.2
18200.589449680596	1200	12.240086079868714	0.0	583475	2382.2671327988096	0.0	1.2
18206.080497465835	1850	10.74903829463217	0.0	1070303	5491.047785236543	0.65	1.2000000000000002
18209.01002228466	1200	11.819513475804825	0.0	558018	2929.524818827343	0.65	0.5499999999999999
18214.51694452332	1850	10.312591237145346	0.0	821946	5506.922238659479	0.65	1.2000000000000002
18220.109309188083	1200	8.720226572381979	0.0	659492	5592.364664763369	0.65	0.5499999999999999
18223.435637402094	750	9.393898358371011	0.0	411585	3326.3282140109686	0.45	0.3
18229.539925213983	1200	7.2896105464845915	0.0	692588	6104.287811886419	0.45	0.75
18231.67946781921	750	9.150067941254433	0.0	261042	2139.5426052301586	0.45	0.3
18237.185027895288	1200	7.644507865176226	0.0	670437	5505.560076078206	0.45	0.75
18240.39684876801	750	8.432686992450773	0.0	375109	3211.8208727254546	0.45	0.3
18243.649310052428	750	9.180225708032655	0.0	439591	3252.461284418117	0.0	0.75
18247.80358475845	1200	9.025951002009853	0.0	581068	4154.274706022802	0.45	0.75
18252.62571188295	1200	8.203823877510496	0.0	709814	4822.127124499357	0.0	1.2
18255.707302673673	750	9.1222330867895	0.0	492258	3081.5907907209976	0.45	0.3
18258.975560058178	1200	9.853975702282568	0.0	621262	3268.2573845069305	0.45	0.75
18261.591801308597	1200	11.237734451860822	0.0	513933	2616.2412504217455	0.0	1.2
18266.94497574882	1850	9.88456001164153	0.0	1034468	5353.174440219291	0.65	1.2000000000000002
18269.440503932525	1200	11.389031827937009	0.0	566795	2495.5281837045227	0.65	0.5499999999999999
18272.818846296825	1850	12.010689463635298	0.0	836446	3378.3423643017095	0.65	1.2000000000000002
18278.894210982296	1850	9.935324778163398	0.0	967775	6075.364685471902	0.0	1.85
18282.533160999745	1200	10.296374760716082	0.0	691562	3638.950017447316	0.65	0.5499999999999999
18285.820598989834	1200	11.008936770628823	0.0	682374	3287.4379900872586	0.0	1.2
18289.314454851137	1850	11.515080909326603	0.0	804922	3493.8558613022205	0.65	1.2000000000000002
18293.73529090405	1850	11.0942448564127	0.0	939905	4420.836052913904	0.0	1.85
18298.805075257624	1850	10.024460502836245	0.0	1077065	5069.784353576454	0.0	1.85
18302.627045971276	1200	10.202489789187005	0.0	786670	3821.9707136492407	0.65	0.5499999999999999
18306.63387559299	1200	10.195660167468168	0.0	779573	4006.829621718838	0.0	1.2
18309.76818878282	1200	11.061346977640007	0.0	603693	3134.313189828161	0.0	1.2
18315.937111905547	1850	8.892423854915473	0.0	956943	6168.923122724535	0.65	1.2000000000000002

