5282.574480213148	300	4.0	1.3207986346409821	134752	1320.798634640982	0.0	-12.907986346409821
5286.524774062755	750	4.049706150393423	0.0	332003	3950.293849606577	0.45	0.3
5290.09831817401	300	4.476162039137875	0.0	161324	3573.544111255548	0.45	-0.15000000000000002
5295.950071448727	300	4.0	1.375591235578696	185986	5851.753274716571	0.0	-13.455912355786959
5300.082536458791	300	4.0	0.13246501006457764	153491	4132.465010064578	0.0	-1.0246501006457764
5303.653322651118	300	4.429213807673151	0.0	150777	3570.7861923268483	0.0	0.3
5306.683330870256	300	5.3992055885350485	0.0	148597	3030.0082191381034	0.0	0.3
5310.802553381178	300	5.279983077612926	0.0	161722	4119.222510922122	0.0	0.3
5315.190255321238	300	4.892281137552848	0.0	197133	4387.701940060078	0.0	0.3
5320.1112250446195	300	4.0	0.028688585829545445	154508	4920.969723382394	0.0	0.013114141704545557
5325.078579446086	300	4.0	0.9673544014670197	127064	4967.35440146702	0.0	-9.373544014670196
5328.38785469004	300	4.690724756047178	0.0	106819	3309.275243952822	0.0	0.3
5331.523735031765	300	5.554844414321566	0.0	167782	3135.8803417256127	0.0	0.3
5334.119661300379	300	6.958918145706618	0.0	176784	2595.9262686149477	0.0	0.3
5335.412121611966	300	9.666457834120607	0.0	127732	1292.4603115860107	0.0	0.3
5338.273475891792	300	10.80510355429441	0.0	164342	2861.3542798261965	0.0	0.3
5341.384488043562	300	11.694091402524727	0.0	154205	3111.012151769682	0.0	0.3
5343.290641860011	300	13.787937586075603	0.0	158473	1906.1538164491242	0.0	0.3
5346.201429907316	750	14.877149538770446	0.0	385116	2910.788047305158	0.45	0.3
5347.455227780491	300	17.623351665595575	0.0	112764	1253.7978731748688	0.45	-0.15000000000000002
5351.633042430755	750	17.44553701533142	0.0	470303	4177.814650264154	0.45	0.3
5354.289851280887	750	18.78872816520053	0.0	258018	2656.8088501308907	0.0	0.75
5355.505115282511	300	21.5734641635765	0.0	135932	1215.2640016240346	0.45	-0.15000000000000002
5356.525251358184	300	24.553328087903036	0.0	106134	1020.1360756734657	0.0	0.3
5357.525223208825	300	27.553356237261916	0.0	119601	999.9718506411187	0.0	0.3
5358.399606925623	300	30.678972520464246	0.0	141082	874.3837167976722	0.0	0.3
5359.619606855164	300	33.45897259092255	0.0	143746	1219.9999295416933	0.0	0.3
5362.178770417584	300	34.899809028502304	0.0	181361	2559.1635624202418	0.0	0.3
5366.4812768007005	300	34.59730264538609	0.0	154044	4302.506383116217	0.0	0.3
5376.9236521318535	750	28.154927314233078	0.0	439591	10442.37533115301	0.45	0.3
5382.831840087297	750	26.246739358790723	0.0	281068	5908.187955442353	0.0	0.75
5387.94350764642	750	25.135071799667323	0.0	409814	5111.6675591234025	0.0	0.75
5393.422050962376	750	23.656528483711817	0.0	492258	5478.543315955507	0.0	0.75
5395.192029576584	300	25.88654986950364	0.0	108159	1769.9786142081748	0.45	-0.15000000000000002
5397.567353440617	750	27.51122600547039	0.0	213933	2375.3238640332497	0.45	0.3
5402.528275392094	1200	26.55030405399424	0.0	734468	4960.921951476155	0.45	0.75
5408.546162125046	1850	24.53241732104191	0.0	866795	6017.88673295233	0.65	1.2000000000000002
5416.435625646496	1200	20.64295379959198	0.0	536446	7889.4635214499285	0.65	0.5499999999999999
5420.792716640858	1200	20.285862805230646	0.0	667775	4357.0909943613315	0.0	1.2
5424.612065426496	1200	20.466514019592733	0.0	691562	3819.3487856379093	0.0	1.2
5429.1583503581105	1200	19.920229087978164	0.0	682374	4546.28493161457	0.0	1.2
5430.8917211570115	750	22.186858289077886	0.0	204922	1733.3707989002812	0.45	0.3
5435.142196967413	1200	21.936382478676787	0.0	639905	4250.475810401096	0.45	0.75
5438.408748601959	750	22.669830844130406	0.0	477065	3266.5516345463807	0.45	0.3
5441.708383129635	750	23.3701963164547	0.0	486670	3299.63452767571	0.0	0.75
5446.500408706399	1200	22.57817073969096	0.0	779573	4792.025576763734	0.45	0.75
5460.019640773183	1850	13.058938672906976	0.0	903693	13519.232066783987	0.65	1.2000000000000002
5469.186571397841	1200	7.892008048249185	0.0	656943	9166.93062465779	0.65	0.5499999999999999

