8031.4816661205305	300	4.0	1.7877817313165916	134752	1787.7817313165915	0.0	-17.577817313165916
8032.830915828887	300	6.650750291643569	0.0	100931	1349.2497083564303	0.0	0.3
8033.759938900694	300	9.72172721983683	0.0	161324	929.0230718067392	0.0	0.3
8035.076395987876	300	12.405270132654085	0.0	185986	1316.4570871827464	0.0	0.3
8036.606027258289	300	14.87563886224065	0.0	153491	1529.631270413435	0.0	0.3
8038.286435459097	300	17.195230661431918	0.0	150777	1680.4082008087314	0.0	0.3
8039.69801473464	300	19.783651385888827	0.0	148597	1411.5792755430894	0.0	0.3
8040.732655828132	300	22.749010292397685	0.0	161722	1034.6410934911441	0.0	0.3
8042.166858692256	300	25.314807428273927	0.0	197133	1434.2028641237578	0.0	0.3
8043.34261753209	300	28.13904858843924	0.0	154508	1175.758839834685	0.0	0.3
8044.944645998615	300	30.537020121914406	0.0	127064	1602.0284665248332	0.0	0.3
8046.464335863266	300	33.0173302572642	0.0	106819	1519.6898646502043	0.0	0.3
8049.074763319192	300	34.40690280133736	0.0	167782	2610.427455926843	0.0	0.3
8055.8304250347155	750	31.651241085813595	0.0	432887	6755.661715523765	0.45	0.3
8058.502996065659	300	32.97867005486983	0.0	127732	2672.571030943767	0.45	-0.15000000000000002
8061.886578091875	300	33.59508802865491	0.0	164342	3383.5820262149177	0.0	0.3
8063.774944004915	300	35.706722115614696	0.0	154205	1888.3659130402132	0.0	0.3
8066.4875201911545	300	36.994145929374746	0.0	158473	2712.5761862399513	0.0	0.3
8068.68121453407	300	38.800451586458564	0.0	112467	2193.6943429161815	0.0	0.3
8074.099133021662	750	37.382533098867235	0.0	283475	5417.918487591325	0.45	0.3
8078.38281832402	750	37.09884779650951	0.0	470303	4283.6853023577305	0.0	0.75
8080.1517870103025	750	39.3298791102269	0.0	258018	1768.968686282614	0.0	0.75
8083.646439506593	1200	39.83522661393655	0.0	521946	3494.6524962903486	0.45	0.75
8086.620537535397	1200	40.86112858513346	0.0	659492	2974.098028803095	0.0	1.2
8092.519283997469	1200	38.96238212306076	0.0	711585	5898.746462072692	0.0	1.2
8098.715175788575	1200	36.76649033195421	0.0	692588	6195.891791106554	0.0	1.2
8103.4747921469825	1200	36.00687397354599	0.0	561042	4759.616358408216	0.0	1.2
8109.1423428182725	1200	34.339323302256496	0.0	670437	5667.55067128949	0.0	1.2
8116.393842310106	1200	31.087823810422524	0.0	675109	7251.4994918339735	0.0	1.2
8118.684985212393	750	32.79668090813613	0.0	439591	2291.142902286389	0.45	0.3
8119.874602687454	750	35.607063433075744	0.0	281068	1189.6174750603889	0.0	0.75
8121.494053213967	750	37.9876129065626	0.0	409814	1619.4505265131454	0.0	0.75
8125.43631686243	1200	38.04534925809883	0.0	792258	3942.2636484637715	0.45	0.75
8129.519807326578	1200	37.961858793950974	0.0	621262	4083.4904641478606	0.0	1.2
8133.546152087124	1200	37.935514033405624	0.0	513933	4026.3447605453475	0.0	1.2
8142.952694198929	1850	32.52897192160127	0.0	1034468	9406.542111804361	0.65	1.2000000000000002
8151.000584531104	1850	28.48108158942624	0.0	866795	8047.89033217503	0.0	1.85
8170.255362895283	1850	13.226303225247317	0.0	836446	19254.77836417892	0.0	1.85
8191.21971156709	1200	4.0	7.738045446559845	667775	20964.34867180716	0.65	-76.83045446559845
8202.458384245534	750	4.0	7.238672678443429	391562	11238.672678443429	0.45	-72.08672678443429
8207.08704331421	300	4.0	0.6286590686760019	161042	4628.659068676002	0.45	-6.436590686760018
8211.84891415871	300	4.0	0.7618708445021193	161603	4761.870844502119	0.0	-7.318708445021193
8215.339309250696	300	4.509604908014556	0.0	121636	3490.395091985443	0.0	0.3
8218.65726943267	300	5.191644726040857	0.0	139365	3317.9601819737004	0.0	0.3
8220.707078973808	300	7.141835184903576	0.0	178996	2049.8095411372806	0.0	0.3
8223.778897978349	750	8.070016180361131	0.0	479573	3071.819004542445	0.45	0.3
8225.091363577218	750	10.75755058149249	0.0	303693	1312.4655988686432	0.0	0.75
8226.540955384367	750	13.30795877434327	0.0	356943	1449.591807149219	0.0	0.75

