8214.125077480358	750	4.0	3.673559862927065	496896	3673.559862927065	0.0	-35.98559862927065
8214.92378606078	300	7.201291419578831	0.0	100931	798.7085804211697	0.45	-0.15000000000000002
8218.213339186992	750	7.9117382933665805	0.0	417058	3289.5531262122504	0.45	0.3
8221.399576980817	750	8.725500499541344	0.0	450960	3186.237793825236	0.0	0.75
8223.53126446807	750	10.593813012288654	0.0	253491	2131.68748725269	0.0	0.75
8227.375607454047	1200	10.749470026311851	0.0	679669	3844.3429859768044	0.45	0.75
8230.832260727722	1200	11.292816752635533	0.0	597133	3456.6532736763183	0.0	1.2
8234.70249911645	1850	11.422578363907636	0.0	854508	3870.2383887278957	0.65	1.2000000000000002
8239.040551524513	1850	11.084525955846065	0.0	958136	4338.052408061571	0.0	1.85
8243.500514554247	1850	10.624562926111743	0.0	1052035	4459.96302973432	0.0	1.85
8246.019315860052	1200	12.105761620306662	0.0	512467	2518.80130580508	0.65	0.5499999999999999
8251.33599006107	1850	10.789087419289114	0.0	812764	5316.6742010175485	0.65	1.2000000000000002
8259.961533732478	1200	6.163543747881598	0.0	798076	8625.543671407515	0.65	0.5499999999999999
8262.085137548685	300	8.03993993167384	0.0	176784	2123.6038162077575	0.9	-0.6000000000000001
8266.574828766898	750	7.5502487134603	0.0	468278	4489.691218213541	0.45	0.3
8270.470229141602	750	7.654848338756653	0.0	350673	3895.400374703647	0.0	0.75
8275.020061076804	750	7.105016403554384	0.0	313909	4549.831935202269	0.0	0.75
8280.776062102066	750	5.349015378293825	0.0	412433	5756.001025260559	0.0	0.75
8282.622536363062	300	7.502541117297194	0.0	112467	1846.474260996631	0.45	-0.15000000000000002
8287.503635607196	750	6.621441873163554	0.0	283475	4881.09924413364	0.45	0.3
8289.302776193232	300	8.822301287127017	0.0	139768	1799.1405860365378	0.45	-0.15000000000000002
8290.9039389673	750	11.221138513058305	0.0	258018	1601.1627740687109	0.45	0.3
8295.911361461625	1850	10.213716018734651	0.0	821946	5007.422494323655	1.1	0.75
8300.233065566343	1200	9.892011914016809	0.0	659492	4321.70410471784	0.65	0.5499999999999999
8304.607742106691	1200	9.517335373667654	0.0	711585	4374.676540349156	0.0	1.2
8308.147212987915	1200	9.977864492444432	0.0	692588	3539.470881223222	0.0	1.2
8310.909696930632	1200	11.215380549728255	0.0	561042	2762.483942716178	0.0	1.2
8315.12787702584	1850	10.99720045452008	0.0	970437	4218.180095208176	0.65	1.2000000000000002
8318.44896907733	1200	11.676108403029676	0.0	675109	3321.0920514904033	0.65	0.5499999999999999
8323.835284192897	1850	10.289793287461931	0.0	1039591	5386.315115567746	0.65	1.2000000000000002
8328.729483416546	1200	9.395594063813318	0.0	581068	4894.199223648614	0.65	0.5499999999999999
8337.396168093197	1200	4.728909387162126	0.0	709814	8666.684676651192	0.0	1.2
8340.247316897652	300	5.877760582707066	0.0	163354	2851.148804455061	0.9	-0.6000000000000001
8341.564008401676	300	8.561069078683945	0.0	108159	1316.691504023122	0.0	0.3
8344.006669354976	750	10.118408125384194	0.0	213933	2442.6609532997504	0.45	0.3
8354.925125102553	1200	4.0	0.800047622192671	734468	10918.455747576865	0.45	-7.250476221926711
8356.144234672121	300	6.780890430431207	0.0	128420	1219.1095695687925	0.9	-0.6000000000000001
8358.148397963661	300	8.776727138890255	0.0	176603	2004.163291540952	0.0	0.3
8363.373141249564	750	7.551983852988375	0.0	367775	5224.743285901881	0.45	0.3
8366.5839964747	750	8.3411286278521	0.0	391562	3210.8552251362753	0.0	0.75
8369.574138560596	750	9.35098654195551	0.0	382374	2990.1420858965894	0.0	0.75
8373.064803734535	1200	9.860321368018178	0.0	504922	3490.6651739373324	0.45	0.75
8377.902630577355	1200	9.022494525197278	0.0	639905	4837.8268428208985	0.0	1.2
8384.752393558447	1200	6.172731544105304	0.0	777065	6849.762981091975	0.0	1.2
8386.2569076596	300	8.668217442954091	0.0	178996	1504.5141011512112	0.9	-0.6000000000000001
8392.341872624305	750	6.583252478247237	0.0	479573	6084.9649647068545	0.45	0.3
8394.220947368573	300	8.704177733980114	0.0	181068	1879.0747442671236	0.45	-0.15000000000000002
8397.037218086125	750	9.88790701642825	0.0	356943	2816.270717551864	0.45	0.3

