4077.004772124744	300	4.0	1.7530700499468987	134752	1753.0700499468987	0.0	-17.230700499468988
4078.1487452991223	300	6.856026825621562	0.0	100931	1143.9731743784375	0.0	0.3
4079.7803850758746	300	9.224387048869279	0.0	161324	1631.6397767522826	0.0	0.3
4086.056219521869	750	6.94855260287498	0.0	450960	6275.834445994299	0.45	0.3
4089.2643210786305	750	7.740451046113514	0.0	253491	3208.101556761466	0.0	0.75
4091.239561153811	300	9.765210970933133	0.0	150777	1975.2400751803812	0.45	-0.15000000000000002
4093.2920322886744	300	11.712739836069616	0.0	148597	2052.4711348635155	0.0	0.3
4097.739510324753	750	11.26526179999168	0.0	254508	4447.478036077936	0.45	0.3
4100.458667617607	300	12.546104507137212	0.0	197133	2719.1572928544683	0.45	-0.15000000000000002
4101.815953039772	300	15.188819084972094	0.0	154508	1357.2854221651173	0.0	0.3
4102.679543116065	300	18.325229008678676	0.0	127064	863.5900762934182	0.0	0.3
4103.416596709694	300	21.588175415049992	0.0	106819	737.0535936286843	0.0	0.3
4107.047009247243	750	21.957762877500677	0.0	498076	3630.412537549314	0.45	0.3
4108.425897799942	300	24.578874324801678	0.0	176784	1378.8885526990005	0.45	-0.15000000000000002
4109.42677959784	300	27.577992526902584	0.0	127732	1000.8817978990924	0.0	0.3
4110.67470047429	300	30.33007165045291	0.0	164342	1247.9208764496716	0.0	0.3
4111.739275187253	300	33.265496937490106	0.0	154205	1064.5747129628085	0.0	0.3
4114.746416941277	750	34.25835518346573	0.0	412433	3007.1417540243706	0.45	0.3
4115.5639666030875	300	37.440805521655584	0.0	112467	817.5496618101515	0.45	-0.15000000000000002
4116.341819991566	300	40.6629521331772	0.0	112764	777.8533884783836	0.0	0.3
4117.424298207676	300	43.58047391706717	0.0	139768	1082.4782161100293	0.0	0.3
4119.688846888085	750	45.31592523665749	0.0	258018	2264.548680409676	0.45	0.3
4123.300830606053	1200	45.70394151869031	0.0	521946	3611.9837179671867	0.45	0.75
4128.2911265736475	1200	44.713645551095716	0.0	659492	4990.295967594593	0.0	1.2
4133.879792179452	1200	43.124979945290775	0.0	711585	5588.665605804944	0.0	1.2
4145.15941941162	1850	35.84535271312371	0.0	992588	11279.627232167073	0.65	1.2000000000000002
4152.38394752287	1850	32.62082460187348	0.0	861042	7224.528111250224	0.0	1.85
4159.531935138485	1850	29.472836986257423	0.0	970437	7147.987615616061	0.0	1.85
4165.976922072917	1200	27.027850051826093	0.0	675109	6444.986934431332	0.65	0.5499999999999999
4173.677502685424	1200	23.327269439319366	0.0	739591	7700.580612506723	0.0	1.2
4178.8366863749825	1200	22.168085749760646	0.0	581068	5159.183689558721	0.0	1.2
4182.917487239823	750	22.087284884920663	0.0	409814	4080.800864839981	0.45	0.3
4187.212263416782	750	21.792508707961193	0.0	492258	4294.776176959468	0.0	0.75
4194.104846521559	1200	18.89992560318389	0.0	621262	6892.583104777307	0.45	0.75
4197.528106055511	750	19.476666069231122	0.0	213933	3423.259533952766	0.45	0.3
4205.184655465065	750	15.820116659677316	0.0	434468	7656.549409553807	0.0	0.75
4208.588562547151	750	16.416209577591285	0.0	266795	3403.9070820860316	0.0	0.75
4214.101835997885	1200	14.902936126856904	0.0	536446	5513.273450734381	0.45	0.75
4217.971890122644	750	15.032882002097844	0.0	367775	3870.0541247590613	0.45	0.3
4222.4563879457955	750	14.548384178946637	0.0	391562	4484.497823151207	0.0	0.75
4226.063063556127	750	14.941708568614498	0.0	382374	3606.6756103321386	0.0	0.75
4228.556415595369	300	16.448356529373633	0.0	161603	2493.352039240868	0.45	-0.15000000000000002
4230.1235220476065	300	18.88125007713562	0.0	121636	1567.106452238015	0.0	0.3
4231.828031483609	300	21.176740641132948	0.0	139365	1704.509436002672	0.0	0.3
4234.109592480616	300	22.895179644126063	0.0	178996	2281.5609970068845	0.0	0.3
4236.144751765405	300	24.86002035933731	0.0	144037	2035.1592847887546	0.0	0.3
4239.229865524225	750	25.774906600517312	0.0	303693	3085.1137588199954	0.45	0.3
4241.815632456491	750	27.18913966825182	0.0	356943	2585.766932265492	0.0	0.75

