5833.553517024336	300	4.0	1.3207986346409821	134752	1320.798634640982	0.0	-12.907986346409821
5837.503810873943	750	4.049706150393423	0.0	332003	3950.293849606577	0.45	0.3
5841.077354985198	300	4.476162039137875	0.0	161324	3573.544111255548	0.45	-0.15000000000000002
5846.929108259915	300	4.0	1.375591235578696	185986	5851.753274716571	0.0	-13.455912355786959
5851.061573269979	300	4.0	0.13246501006457764	153491	4132.465010064578	0.0	-1.0246501006457764
5854.632359462306	300	4.429213807673151	0.0	150777	3570.7861923268483	0.0	0.3
5857.662367681443	300	5.3992055885350485	0.0	148597	3030.0082191381034	0.0	0.3
5861.781590192366	300	5.279983077612926	0.0	161722	4119.222510922122	0.0	0.3
5866.169292132425	300	4.892281137552848	0.0	197133	4387.701940060078	0.0	0.3
5871.0902618558075	300	4.0	0.028688585829545445	154508	4920.969723382394	0.0	0.013114141704545557
5876.057616257274	300	4.0	0.9673544014670197	127064	4967.35440146702	0.0	-9.373544014670196
5879.366891501228	300	4.690724756047178	0.0	106819	3309.275243952822	0.0	0.3
5882.502771842953	300	5.554844414321566	0.0	167782	3135.8803417256127	0.0	0.3
5885.0986981115675	300	6.958918145706618	0.0	176784	2595.9262686149477	0.0	0.3
5886.391158423154	300	9.666457834120607	0.0	127732	1292.4603115860107	0.0	0.3
5889.25251270298	300	10.80510355429441	0.0	164342	2861.3542798261965	0.0	0.3
5892.36352485475	300	11.694091402524727	0.0	154205	3111.012151769682	0.0	0.3
5894.269678671199	300	13.787937586075603	0.0	158473	1906.1538164491242	0.0	0.3
5895.246897490088	300	16.81071876718622	0.0	112467	977.2188188893807	0.0	0.3
5896.106705821367	300	19.950910435907556	0.0	112764	859.8083312786619	0.0	0.3
5900.33927366078	750	19.718342596494256	0.0	470303	4232.5678394133	0.45	0.3
5902.55879293337	750	21.498823323904265	0.0	258018	2219.519272589994	0.0	0.75
5903.91918244297	300	24.13843381430494	0.0	135932	1360.3895095993248	0.45	-0.15000000000000002
5905.109069138568	300	26.948547118707115	0.0	106134	1189.886695597822	0.0	0.3
5908.613128686209	750	27.444487571065775	0.0	411585	3504.0595476413396	0.45	0.3
5912.080099252509	750	27.977517004765865	0.0	392588	3466.97056629991	0.0	0.75
5918.837331137275	750	25.220285119999318	0.0	261042	6757.23188476655	0.0	0.75
5927.358706676857	750	20.69890958041763	0.0	370437	8521.375539581684	0.0	0.75
5934.75083989658	750	17.306776360693856	0.0	375109	7392.133219723776	0.0	0.75
5940.2308898539	750	15.826726403374147	0.0	439591	5480.04995731971	0.0	0.75
5943.151930488387	750	16.905685768887444	0.0	281068	2921.040634486702	0.0	0.75
5948.202402964544	750	15.855213292731106	0.0	409814	5050.472476156338	0.0	0.75
5951.715910308514	750	16.34170594876051	0.0	492258	3513.5073439705966	0.0	0.75
5952.463891167436	300	19.59372508983837	0.0	108159	747.9808589221423	0.45	-0.15000000000000002
5953.799538547432	750	22.258077709842564	0.0	213933	1335.6473799958042	0.45	0.3
5958.942956481953	1200	21.114659775321147	0.0	734468	5143.417934521417	0.45	0.75
5969.097477171234	1850	14.960139086040778	0.0	866795	10154.520689280369	0.65	1.2000000000000002
5974.042185974254	1850	14.015430283021129	0.0	836446	4944.708803019648	0.0	1.85
5980.179313620654	1850	11.878302636620832	0.0	967775	6137.127646400298	0.0	1.85
5987.198315825616	1850	8.859300431659197	0.0	991562	7019.002204961636	0.0	1.85
5993.45693482565	1850	6.600681431624881	0.0	982374	6258.619000034315	0.0	1.85
5996.526232726848	1200	7.531383530426301	0.0	504922	3069.2979011985794	0.65	0.5499999999999999
6005.734140263238	1200	4.0	1.6765240059625413	639905	9207.907536388842	0.0	-15.565240059625413
6012.288036326225	750	4.0	2.553896062987126	477065	6553.896062987126	0.45	-25.23896062987126
6014.508255444498	300	5.7797808817270395	0.0	178996	2220.21911827296	0.45	-0.15000000000000002
6017.539329657632	300	6.748706668592715	0.0	144037	3031.0742131343254	0.0	0.3
6019.797444717524	300	8.490591608700687	0.0	181068	2258.115059892028	0.0	0.3
6021.89646854573	300	10.391567780493874	0.0	178742	2099.0238282068103	0.0	0.3

