15226.50295826105	300	4.0	0.6240319833487284	134752	624.0319833487284	0.0	-5.940319833487284
15226.990445289899	300	7.512512971151668	0.0	100931	487.48702884833267	0.0	0.3
15228.682751565455	750	9.820206695595186	0.0	417058	1692.3062755564831	0.45	0.3
15230.306420922701	750	12.196537338347309	0.0	450960	1623.6693572478757	0.0	0.75
15231.824163263465	1200	14.678794997583147	0.0	553491	1517.7423407641627	0.45	0.75
15233.64430748496	1200	16.85865077608858	0.0	679669	1820.144221494569	0.0	1.2
15235.243575314707	1200	19.259382946340637	0.0	597133	1599.267829747944	0.0	1.2
15236.878615846554	1200	21.6243424144942	0.0	554508	1635.040531846436	0.0	1.2
15239.050665597093	1200	23.45229266395583	0.0	658136	2172.049750538369	0.0	1.2
15244.134867158213	1850	22.368091102834537	0.0	1052035	5084.201561121295	0.65	1.2000000000000002
15246.586136244581	1850	23.91682201646653	0.0	812467	2451.2690863680073	0.0	1.85
15250.58581693963	2850	23.91714132141729	0.0	1438928	3999.6806950492387	1.0	1.85
15255.212646088725	2850	23.290312172324494	0.0	1416349	4626.829149092795	0.0	2.85
15259.691499346409	2850	22.811458914640475	0.0	1420617	4478.853257684019	0.0	2.85
15264.482133954712	2850	22.0208243063357	0.0	1636755	4790.634608304777	0.0	2.85
15268.368837988977	2850	22.134120272072746	0.0	1112764	3886.7040342629566	0.0	2.85
15274.35204494953	2850	20.150913311519016	0.0	1532984	5983.206960553728	0.0	2.85
15280.022201096323	2850	18.480757164725475	0.0	1332887	5670.1561467935435	0.0	2.85
15290.230214021598	2850	12.272744239450082	0.0	1774961	10208.01292527539	0.0	2.85
15306.672030796653	2850	4.0	4.1690725356063885	1738197	16441.81677505647	0.0	-38.840725356063885
15315.799411348851	1850	4.0	5.127380552199193	1070303	9127.380552199193	1.0	-50.42380552199192
15320.447900627403	1200	4.0	0.6484892785520414	558018	4648.4892785520415	0.65	-5.9348927855204145
15322.409620140756	750	6.038280486647095	0.0	221946	1961.719513352905	0.45	0.3
15323.337611778248	300	9.110288849154152	0.0	106134	927.9916374929427	0.45	-0.15000000000000002
15324.314211236391	300	12.13368939101067	0.0	119601	976.5994581434813	0.0	0.3
15325.420107181073	300	15.02779344632936	0.0	141082	1105.8959446813087	0.0	0.3
15328.545953589562	750	15.901947037839726	0.0	261042	3125.846408489635	0.45	0.3
15331.735659601272	750	16.71224102612812	0.0	370437	3189.706011711607	0.0	0.75
15335.974008821988	750	16.473891805413018	0.0	375109	4238.349220715098	0.0	0.75
15341.313159424608	750	15.134741202793188	0.0	439591	5339.150602619831	0.0	0.75
15343.79548180547	750	16.652418821931402	0.0	281068	2482.3223808617877	0.0	0.75
15347.14646669672	750	17.30143393068004	0.0	409814	3350.9848912513626	0.0	0.75
15350.910046814986	750	17.537853812414944	0.0	492258	3763.580118265093	0.0	0.75
15353.447431200422	750	19.000469426978647	0.0	321262	2537.3843854362945	0.0	0.75
15355.284011823038	750	21.163888804362696	0.0	213933	1836.5806226159561	0.0	0.75
15358.71586103209	750	21.732039595310816	0.0	434468	3431.8492090518794	0.0	0.75
15361.00884258369	750	23.439058043710478	0.0	266795	2292.9815516003405	0.0	0.75
15365.23372337987	1200	23.214177247531726	0.0	536446	4224.880796178752	0.45	0.75
15372.910023742035	1850	19.53787688536658	0.0	967775	7676.300362165149	0.65	1.2000000000000002
15383.816419258721	2850	12.631481368680424	0.0	1113933	10906.395516686154	1.0	1.85
15393.111851871457	2850	7.336048755943903	0.0	1334468	9295.432612736522	0.0	2.85
15398.992286729013	1850	5.455613898387336	0.0	804922	5880.434857556566	1.0	0.8500000000000001
15404.116462094922	1200	4.331438532480041	0.0	639905	5124.175365907296	0.65	0.5499999999999999
15407.767332893627	750	4.680567733774552	0.0	477065	3650.8707987054886	0.45	0.3
15409.40239642049	300	7.045504206911083	0.0	178996	1635.063526863469	0.45	-0.15000000000000002
15410.77037376908	300	9.677526858320356	0.0	144037	1367.9773485907267	0.0	0.3
15413.372042370609	750	11.075858256790431	0.0	303693	2601.6686015299265	0.45	0.3
15416.421437828496	750	12.02646279890489	0.0	356943	3049.3954578855405	0.0	0.75

