8085.935503847096	300	4.0	1.7877817313165916	134752	1787.7817313165915	0.0	-17.577817313165916
8087.284753555453	300	6.650750291643569	0.0	100931	1349.2497083564303	0.0	0.3
8088.213776627259	300	9.72172721983683	0.0	161324	929.0230718067392	0.0	0.3
8089.530233714442	300	12.405270132654085	0.0	185986	1316.4570871827464	0.0	0.3
8091.059864984855	300	14.87563886224065	0.0	153491	1529.631270413435	0.0	0.3
8092.740273185664	300	17.195230661431918	0.0	150777	1680.4082008087314	0.0	0.3
8094.1518524612065	300	19.783651385888827	0.0	148597	1411.5792755430894	0.0	0.3
8095.186493554698	300	22.749010292397685	0.0	161722	1034.6410934911441	0.0	0.3
8096.620696418822	300	25.314807428273927	0.0	197133	1434.2028641237578	0.0	0.3
8097.796455258656	300	28.13904858843924	0.0	154508	1175.758839834685	0.0	0.3
8099.398483725181	300	30.537020121914406	0.0	127064	1602.0284665248332	0.0	0.3
8100.918173589831	300	33.0173302572642	0.0	106819	1519.6898646502043	0.0	0.3
8103.5286010457585	300	34.40690280133736	0.0	167782	2610.427455926843	0.0	0.3
8110.284262761282	750	31.651241085813595	0.0	432887	6755.661715523765	0.45	0.3
8112.956833792226	300	32.97867005486983	0.0	127732	2672.571030943767	0.45	-0.15000000000000002
8116.34041581844	300	33.59508802865491	0.0	164342	3383.5820262149177	0.0	0.3
8118.228781731481	300	35.706722115614696	0.0	154205	1888.3659130402132	0.0	0.3
8120.941357917721	300	36.994145929374746	0.0	158473	2712.5761862399513	0.0	0.3
8123.135052260636	300	38.800451586458564	0.0	112467	2193.6943429161815	0.0	0.3
8128.552970748228	750	37.382533098867235	0.0	283475	5417.918487591325	0.45	0.3
8132.8366560505865	750	37.09884779650951	0.0	470303	4283.6853023577305	0.0	0.75
8134.605624736869	750	39.3298791102269	0.0	258018	1768.968686282614	0.0	0.75
8138.100277233159	1200	39.83522661393655	0.0	521946	3494.6524962903486	0.45	0.75
8141.074375261963	1200	40.86112858513346	0.0	659492	2974.098028803095	0.0	1.2
8146.973121724035	1200	38.96238212306076	0.0	711585	5898.746462072692	0.0	1.2
8153.169013515141	1200	36.76649033195421	0.0	692588	6195.891791106554	0.0	1.2
8157.928629873549	1200	36.00687397354599	0.0	561042	4759.616358408216	0.0	1.2
8163.596180544839	1200	34.339323302256496	0.0	670437	5667.55067128949	0.0	1.2
8170.8476800366725	1200	31.087823810422524	0.0	675109	7251.4994918339735	0.0	1.2
8173.1388229389595	750	32.79668090813613	0.0	439591	2291.142902286389	0.45	0.3
8174.3284404140195	750	35.607063433075744	0.0	281068	1189.6174750603889	0.0	0.75
8175.947890940533	750	37.9876129065626	0.0	409814	1619.4505265131454	0.0	0.75
8179.890154588997	1200	38.04534925809883	0.0	792258	3942.2636484637715	0.45	0.75
8183.9736450531445	1200	37.961858793950974	0.0	621262	4083.4904641478606	0.0	1.2
8187.99998981369	1200	37.935514033405624	0.0	513933	4026.3447605453475	0.0	1.2
8194.780694699695	1200	35.154809147401	0.0	734468	6780.70488600463	0.0	1.2
8199.331461803451	1200	34.60404204364515	0.0	566795	4550.767103755845	0.0	1.2
8205.080843460586	1200	32.85466038650823	0.0	536446	5749.381657136927	0.0	1.2
8217.92880965376	1200	24.00669419333459	0.0	667775	12847.96619317364	0.0	1.2
8239.298142645428	1200	6.637361201666572	0.0	691562	21369.332991668016	0.0	1.2
8250.827093972435	750	4.0	4.891590125340141	382374	11528.951327006713	0.45	-48.61590125340141
8255.50713651629	300	4.0	0.6800425438532648	161603	4680.042543853265	0.45	-6.9504254385326485
8259.005472474906	300	4.501664041383169	0.0	121636	3498.335958616831	0.0	0.3
8263.048252313756	300	4.458884202533342	0.0	139365	4042.779838849827	0.0	0.3
8268.305225830276	300	4.0	0.7980893139876116	178996	5256.973516520954	0.0	-7.680893139876116
8276.019091197513	750	4.0	3.7138653672373367	479573	7713.865367237337	0.45	-36.83865367237337
8277.9073873059	750	6.11170389161313	0.0	303693	1888.2961083868693	0.0	0.75
8279.541813657783	750	8.477277539731611	0.0	356943	1634.4263518815192	0.0	0.75

