18603.699612967695	300	4.0	1.5756027889410236	134752	1575.6027889410236	0.0	-15.456027889410235
18604.899838901936	300	6.799774065760757	0.0	100931	1200.2259342392429	0.0	0.3
18606.521856614418	300	9.177756353279365	0.0	161324	1622.0177124813936	0.0	0.3
18608.276883262308	300	11.422729705392094	0.0	185986	1755.0266478872709	0.0	0.3
18610.3403610166	750	13.359251951099338	0.0	253491	2063.477754292755	0.45	0.3
18615.34732934131	1200	12.352283626387438	0.0	679669	5006.968324711902	0.45	0.75
18619.879971083265	1200	11.81964188443503	0.0	597133	4532.641741952409	0.0	1.2
18624.295726074244	1200	11.403886893456376	0.0	554508	4415.754990978655	0.0	1.2
18627.53376579599	750	12.165847171711484	0.0	358136	3238.0397217448926	0.45	0.3
18629.24092260217	300	14.458690365532078	0.0	154508	1707.1568061794062	0.45	-0.15000000000000002
18630.858844722	300	16.840768245702805	0.0	127064	1617.9221198292712	0.0	0.3
18632.16379980428	300	19.535813163425026	0.0	106819	1304.9550822777844	0.0	0.3
18633.950534501568	300	21.74907846613512	0.0	167782	1786.7346972899024	0.0	0.3
18635.878738438576	300	23.82087452912708	0.0	176784	1928.2039370080372	0.0	0.3
18643.016900200135	750	20.68271276756871	0.0	468278	7138.161761558376	0.45	0.3
18649.079980947772	750	18.619632019931736	0.0	350673	6063.080747636974	0.0	0.75
18653.75007149863	750	17.949541469074667	0.0	313909	4670.090550857068	0.0	0.75
18657.600935566606	750	18.0986774010984	0.0	412433	3850.8640679762643	0.0	0.75
18658.517067772453	300	21.18254519525361	0.0	112467	916.1322058447931	0.45	-0.15000000000000002
18659.29835395198	300	24.40125901572746	0.0	112764	781.2861795261477	0.0	0.3
18663.277522414468	750	24.422090553238764	0.0	470303	3979.1684624887	0.45	0.3
18666.62259758998	750	25.07701537772518	0.0	258018	3345.0751755135825	0.0	0.75
18670.12697132211	750	25.57264164559482	0.0	221946	3504.3737321303583	0.0	0.75
18675.380274876705	750	24.319338091002134	0.0	359492	5253.303554592687	0.0	0.75
18684.085007607508	1200	19.614605360201313	0.0	711585	8704.73273080082	0.45	0.75
18691.6864672376	1200	16.013145730111088	0.0	692588	7601.459630090225	0.0	1.2
18698.474055086084	1200	13.225557881625667	0.0	561042	6787.587848485419	0.0	1.2
18704.43435617872	750	11.26525678899002	0.0	370437	5960.301092635647	0.45	0.3
18710.326696176246	750	9.37291679146354	0.0	375109	5892.339997526479	0.0	0.75
18712.73122967597	300	10.968383291737226	0.0	183475	2404.5334997263144	0.45	-0.15000000000000002
18714.506701557686	300	13.192911410022816	0.0	124205	1775.4718817144098	0.0	0.3
18716.66418008822	300	15.035432879484363	0.0	147805	2157.4785305384544	0.0	0.3
18723.27459594387	750	12.42501702384002	0.0	492258	6610.415855644342	0.45	0.3
18727.668276805463	750	12.031336162244958	0.0	321262	4393.680861595061	0.0	0.75
18730.27766704176	300	13.421945925947341	0.0	158018	2609.390236297619	0.45	-0.15000000000000002
18732.556454540892	300	15.143158426813654	0.0	121946	2278.7874991336867	0.0	0.3
18734.95197362835	300	16.747639339358976	0.0	128420	2395.5190874546765	0.0	0.3
18739.678214683794	750	16.021398283914017	0.0	236446	4726.241055444955	0.45	0.3
18749.397891787823	750	10.3017211798858	0.0	367775	9719.67710402822	0.0	0.75
18751.79990909092	300	11.899703876788404	0.0	161516	2402.017303097394	0.45	-0.15000000000000002
18755.143881398442	300	12.555731569266808	0.0	161042	3343.9723075215975	0.0	0.3
18758.913416429135	300	12.78619653857398	0.0	161603	3769.535030692827	0.0	0.3
18761.94779033768	300	13.751822630031578	0.0	121636	3034.373908542402	0.0	0.3
18765.571587009097	300	14.128025958612609	0.0	139365	3623.7966714189693	0.0	0.3
18770.499019396466	300	13.20059357124748	0.0	178996	4927.432387365131	0.0	0.3
18774.513704576537	300	13.185908391175836	0.0	144037	4014.685180071644	0.0	0.3
18779.914043342316	750	11.785569625397756	0.0	303693	5400.3387657780795	0.45	0.3
18785.3110474866	750	10.38856548111285	0.0	356943	5397.004144284902	0.0	0.75

