12565.589462063452	300	4.0	1.7030395317704212	134752	1703.0395317704213	0.0	-16.73039531770421
12566.88513977496	300	6.704322288492041	0.0	100931	1295.6777115079583	0.0	0.3
12568.019681137777	300	9.569780925674353	0.0	161324	1134.541362817689	0.0	0.3
12569.512619683483	300	12.076842379969607	0.0	185986	1492.9385457047476	0.0	0.3
12570.663947413053	300	14.92551465039892	0.0	153491	1151.3277295706862	0.0	0.3
12571.813379939273	300	17.776082124178522	0.0	150777	1149.432526220398	0.0	0.3
12572.969654897735	300	20.619807165717443	0.0	148597	1156.2749584610792	0.0	0.3
12574.290410160307	300	23.299051903145283	0.0	161722	1320.7552625721603	0.0	0.3
12575.88436531815	300	25.70509674530353	0.0	197133	1593.9551578417515	0.0	0.3
12577.132439571698	300	28.45702249175335	0.0	154508	1248.074253550182	0.0	0.3
12578.873401451336	750	30.716060612116298	0.0	212467	1740.9618796370532	0.45	0.3
12580.551280807884	750	33.038181255568574	0.0	212764	1677.8793565477188	0.0	0.75
12584.24527185041	750	33.34419021304166	0.0	498076	3693.991042526924	0.0	0.75
12587.064030547406	750	34.52543151604608	0.0	432887	2818.7586969955705	0.0	0.75
12590.175815802939	750	35.413646260512856	0.0	468278	3111.78525553323	0.0	0.75
12592.88877795332	750	36.700684110132464	0.0	350673	2712.962150380394	0.0	0.75
12595.247245025652	750	38.342217037799735	0.0	313909	2358.467072332729	0.0	0.75
12599.006758220452	750	38.58270384299803	0.0	412433	3759.5131948017	0.0	0.75
12602.779151885132	750	38.81031017832008	0.0	385116	3772.393664677952	0.0	0.75
12605.262466459973	750	40.32699560347879	0.0	283475	2483.31457484129	0.0	0.75
12609.65320380915	750	39.936258254301876	0.0	470303	4390.737349176917	0.0	0.75
12612.460856572581	750	41.12860549086992	0.0	258018	2807.652763431951	0.0	0.75
12616.079469809176	750	41.50999225427518	0.0	221946	3618.613236594741	0.0	0.75
12620.139234886185	750	41.45022717726749	0.0	359492	4059.765077007688	0.0	0.75
12623.659659582981	750	41.929802480470116	0.0	411585	3520.4246967973813	0.0	0.75
12626.946281148044	750	42.643180915408195	0.0	392588	3286.6215650619224	0.0	0.75
12629.428879626865	750	44.160582436587596	0.0	261042	2482.5984788205938	0.0	0.75
12632.481053424468	750	45.108408638983285	0.0	370437	3052.173797604305	0.0	0.75
12635.588731259919	750	46.00073080353121	0.0	375109	3107.677835452078	0.0	0.75
12639.385190780406	750	46.20427128304661	0.0	439591	3796.4595204845955	0.0	0.75
12641.857402494845	750	47.73205956860795	0.0	281068	2472.21171443866	0.0	0.75
12644.976638085085	750	48.61282397836534	0.0	409814	3119.2355902426166	0.0	0.75
12651.110539494368	1200	46.47892256908308	0.0	792258	6133.901409282262	0.45	0.75
12657.045054388822	1200	44.54440767462963	0.0	621262	5934.514894453445	0.0	1.2
12661.03717729669	1200	44.55228476676087	0.0	513933	3992.1229078687606	0.0	1.2
12666.293895176641	1200	43.295566886810356	0.0	734468	5256.717879950524	0.0	1.2
12671.457337814027	1200	42.13212424942545	0.0	566795	5163.442637384899	0.0	1.2
12676.522257747754	1200	41.067204315699335	0.0	536446	5064.919933726113	0.0	1.2
12683.510592876006	1200	38.07886918744707	0.0	667775	6988.33512825227	0.0	1.2
12690.3274341481	1200	35.2620279153539	0.0	691562	6816.841272093175	0.0	1.2
12697.142229346118	1200	32.44723271733439	0.0	682374	6814.795198019505	0.0	1.2
12701.823192438666	1200	31.766269624787032	0.0	504922	4680.963092547353	0.0	1.2
12707.211093662829	1200	30.37836840062422	0.0	639905	5387.901224162814	0.0	1.2
12714.447771782166	1200	27.141690281285417	0.0	777065	7236.6781193388015	0.0	1.2
12721.706797891542	1200	23.88266417191	0.0	786670	7259.026109375414	0.0	1.2
12733.564538333329	1200	16.024923730123366	0.0	779573	11857.740441786636	0.0	1.2
12738.959750289247	1200	14.62971177420625	0.0	603693	5395.211955917115	0.0	1.2
12744.599771493247	1200	12.989690570206742	0.0	656943	5640.0212039995085	0.0	1.2

