10994.069888480755	300	4.0	1.6370570557873787	134752	1637.0570557873787	0.0	-16.070570557873786
10995.31614445987	300	6.753744020885211	0.0	100931	1246.2559791147883	0.0	0.3
10997.201472246412	300	8.868416234341975	0.0	161324	1885.3277865432356	0.0	0.3
10998.865786972574	300	11.204101508180756	0.0	185986	1664.3147261612187	0.0	0.3
11000.392918163054	300	13.676970317699837	0.0	153491	1527.1311904809197	0.0	0.3
11001.80476895435	300	16.265119526403907	0.0	150777	1411.8507912959287	0.0	0.3
11003.289646092106	300	18.78024238864836	0.0	148597	1484.8771377555508	0.0	0.3
11005.636952582612	750	20.43293589814156	0.0	254508	2347.3064905067986	0.45	0.3
11008.929619103857	750	21.14026937689589	0.0	358136	3292.666521245673	0.0	0.75
11012.78633596196	750	21.283552518793197	0.0	452035	3856.716858102694	0.0	0.75
11014.795772698459	750	23.27411578229598	0.0	212467	2009.4367364972168	0.0	0.75
11016.622875701501	750	25.4470127792517	0.0	212764	1827.1030030442766	0.0	0.75
11020.899242598805	750	25.170645881947422	0.0	498076	4276.36689730428	0.0	0.75
11022.77130984519	300	27.29857863556452	0.0	176784	1872.067246382898	0.45	-0.15000000000000002
11024.292860753456	300	29.777027727297835	0.0	127732	1521.5509082666879	0.0	0.3
11026.473279889266	300	31.59660859148978	0.0	164342	2180.4191358080543	0.0	0.3
11028.650904137574	300	33.418984343179986	0.0	154205	2177.624248309792	0.0	0.3
11032.328170729772	750	33.741717750982126	0.0	412433	3677.2665921978623	0.45	0.3
11035.674473677132	750	34.39541480362097	0.0	385116	3346.3029473611546	0.0	0.75
11038.62939738585	750	35.44049109490204	0.0	283475	2954.9237087189276	0.0	0.75
11040.141087841348	300	37.928800639403235	0.0	139768	1511.6904554988039	0.45	-0.15000000000000002
11042.375995291406	750	39.69389318934614	0.0	258018	2234.9074500570946	0.45	0.3
11044.56968826746	750	41.50020021329212	0.0	221946	2193.6929760540224	0.0	0.75
11049.460725712823	750	40.60916276792925	0.0	359492	4891.037445362867	0.0	0.75
11051.015094627877	300	43.05479385287375	0.0	119601	1554.368915055502	0.45	-0.15000000000000002
11052.745138303766	300	45.32475017698495	0.0	141082	1730.0436758888052	0.0	0.3
11054.911012133647	300	47.15887634710351	0.0	143746	2165.873829881442	0.0	0.3
11060.155471050828	750	45.91441742992223	0.0	370437	5244.458917181274	0.45	0.3
11064.818700765647	750	45.25118771510474	0.0	375109	4663.229714817484	0.0	0.75
11070.69003962881	1200	43.37984885194305	0.0	739591	5871.338863161689	0.45	0.75
11076.872895594528	1200	41.19699288622514	0.0	581068	6182.855965717916	0.0	1.2
11086.952202766033	1850	35.11768571471947	0.0	1009814	10079.307171505674	0.65	1.2000000000000002
11096.560089096345	2850	29.50979938440682	0.0	1270437	9607.886330312647	1.0	1.85
11107.09518786181	1850	22.97470061894101	0.0	921262	10535.09876546581	1.0	0.8500000000000001
11115.51647300806	1200	18.553415472693565	0.0	513933	8421.285146247441	0.65	0.5499999999999999
11124.178150154132	1200	13.89173832661937	0.0	734468	8661.677146074197	0.0	1.2
11131.352565862555	1200	10.717322618195857	0.0	566795	7174.415708423514	0.0	1.2
11135.320770629596	750	10.749117851154443	0.0	236446	3968.204767041415	0.45	0.3
11138.988128540499	750	11.081759940250656	0.0	367775	3667.357910903786	0.0	0.75
11140.561646338727	300	13.50824214202197	0.0	161516	1573.5177982286855	0.45	-0.15000000000000002
11142.192672978295	300	15.877215502454376	0.0	161042	1631.0266395675933	0.0	0.3
11145.302496634853	750	16.767391845896395	0.0	204922	3109.823656557981	0.45	0.3
11150.931333100298	750	15.13855538045081	0.0	339905	5628.836465445585	0.0	0.75
11158.133189022272	750	11.936699458479175	0.0	477065	7201.855921971634	0.0	0.75
11170.707225614497	1200	4.0	0.637337133746436	786670	12574.036592225611	0.45	-5.623371337464359
11178.061953887474	750	4.0	3.3547282729771015	479573	7354.728272977101	0.45	-33.247282729771015
11180.47430262659	300	5.58765126088375	0.0	181068	2412.34873911625	0.45	-0.15000000000000002
11185.56433787047	750	4.4976160170030814	0.0	356943	5090.0352438806685	0.45	0.3

