13726.85674139643	300	4.0	1.7030395317704212	134752	1703.0395317704213	0.0	-16.73039531770421
13728.152419107939	300	6.704322288492041	0.0	100931	1295.6777115079583	0.0	0.3
13729.286960470756	300	9.569780925674353	0.0	161324	1134.541362817689	0.0	0.3
13730.779899016461	300	12.076842379969607	0.0	185986	1492.9385457047476	0.0	0.3
13731.931226746032	300	14.92551465039892	0.0	153491	1151.3277295706862	0.0	0.3
13733.080659272251	300	17.776082124178522	0.0	150777	1149.432526220398	0.0	0.3
13734.236934230714	300	20.619807165717443	0.0	148597	1156.2749584610792	0.0	0.3
13735.557689493286	300	23.299051903145283	0.0	161722	1320.7552625721603	0.0	0.3
13737.151644651129	300	25.70509674530353	0.0	197133	1593.9551578417515	0.0	0.3
13740.737605933196	750	26.11913546323417	0.0	452035	3585.961282069362	0.45	0.3
13744.56917363942	1200	26.287567757010898	0.0	512467	3831.5677062232735	0.45	0.75
13747.959937989492	1200	26.89680340693867	0.0	512764	3390.7643500722243	0.0	1.2
13753.49104501025	1200	25.36569638617966	0.0	798076	5531.107020759007	0.0	1.2
13759.439246516467	1200	23.417494879960955	0.0	732887	5948.201506218705	0.0	1.2
13766.554834014036	1200	20.301907382393882	0.0	768278	7115.587497567074	0.0	1.2
13772.934078190034	1200	17.92266320639565	0.0	650673	6379.244175998233	0.0	1.2
13780.90998909121	1200	13.946752305219162	0.0	613909	7975.910901176487	0.0	1.2
13786.776994673053	1200	12.079746723375687	0.0	712433	5867.005581843475	0.0	1.2
13790.395228426136	750	12.461512970293082	0.0	385116	3618.233753082605	0.45	0.3
13791.348801234297	300	15.507940162132156	0.0	112764	953.5728081609273	0.45	-0.15000000000000002
13792.545339349468	300	18.31140204696153	0.0	139768	1196.5381151706301	0.0	0.3
13793.51149128179	300	21.345250114637924	0.0	109931	966.1519323236008	0.0	0.3
13794.60137805262	300	24.2553633438107	0.0	135932	1089.886770827226	0.0	0.3
13795.569704420124	300	27.28703697630379	0.0	106134	968.3263675069115	0.0	0.3
13799.16617826753	750	27.690563128899782	0.0	411585	3596.4738474040064	0.45	0.3
13802.566732522942	750	28.290008873487494	0.0	392588	3400.5542554122862	0.0	0.75
13804.594403765419	750	30.26233763101105	0.0	261042	2027.6712424764457	0.0	0.75
13809.517965352921	1200	29.338776043509796	0.0	670437	4923.5615875012545	0.45	0.75
13815.365767127552	1200	27.490974268876837	0.0	675109	5847.801774632958	0.0	1.2
13821.84080449512	1200	25.015936901310656	0.0	739591	6475.037367566183	0.0	1.2
13825.900897246844	1200	24.95584414958627	0.0	581068	4060.0927517243863	0.0	1.2
13832.127027651683	1200	22.72971374474723	0.0	709814	6226.1304048390375	0.0	1.2
13843.053706916337	1850	15.803034480094606	0.0	1092258	10926.679264652625	0.65	1.2000000000000002
13852.17133085588	1850	10.685410540550535	0.0	921262	9117.623939544072	0.0	1.85
13857.365476292538	1200	9.491265103893559	0.0	513933	5194.145436656977	0.65	0.5499999999999999
13861.371373442884	750	9.485367953545756	0.0	434468	4005.8971503478033	0.45	0.3
13862.579503546529	300	12.277237849901741	0.0	128420	1208.1301036440143	0.45	-0.15000000000000002
13864.089919130829	300	14.766822265602013	0.0	176603	1510.4155842997284	0.0	0.3
13867.288845014906	750	15.56789638152521	0.0	367775	3198.9258840768025	0.45	0.3
13870.556127088053	750	16.300614308377245	0.0	391562	3267.2820731479637	0.0	0.75
13877.16414174726	1200	13.692599649169527	0.0	682374	6608.014659207721	0.45	0.75
13881.70823419267	1200	13.14850720375818	0.0	504922	4544.092445411346	0.0	1.2
13891.237335809265	1200	7.61940558716528	0.0	639905	9529.101616592901	0.0	1.2
13897.046400047735	750	5.810341348694919	0.0	477065	5809.064238470361	0.45	0.3
13898.658086645632	300	8.19865475079827	0.0	178996	1611.6865978966516	0.45	-0.15000000000000002
13899.865467361873	300	10.991274034556005	0.0	144037	1207.3807162422634	0.0	0.3
13902.451067220292	750	12.405674176135236	0.0	303693	2585.5998584207696	0.45	0.3
13907.758480902945	1200	11.09826049348196	0.0	656943	5307.413682653273	0.45	0.75

