17508.82329776282	300	4.0	1.5756027889410236	134752	1575.6027889410236	0.0	-15.456027889410235
17510.023523697062	300	6.799774065760757	0.0	100931	1200.2259342392429	0.0	0.3
17511.645541409544	300	9.177756353279365	0.0	161324	1622.0177124813936	0.0	0.3
17513.400568057434	300	11.422729705392094	0.0	185986	1755.0266478872709	0.0	0.3
17515.464045811725	750	13.359251951099338	0.0	253491	2063.477754292755	0.45	0.3
17518.02478584384	750	14.798511918980218	0.0	379669	2560.740032119121	0.0	0.75
17520.527160401776	750	16.29613736104582	0.0	297133	2502.3745579343986	0.0	0.75
17522.427415238188	750	18.395882524636765	0.0	254508	1900.2548364090526	0.0	0.75
17525.25793610028	750	19.56536166254589	0.0	358136	2830.520862090875	0.0	0.75
17526.49043820927	300	22.332859553550712	0.0	154508	1232.5021089951756	0.45	-0.15000000000000002
17527.51284622051	300	25.310451542311966	0.0	127064	1022.4080112387462	0.0	0.3
17528.41010074517	300	28.413197017654028	0.0	106819	897.2545246579383	0.0	0.3
17529.94334862107	300	30.879949141753176	0.0	167782	1533.2478759008534	0.0	0.3
17531.398167714095	300	33.425130048729855	0.0	176784	1454.8190930233193	0.0	0.3
17536.545332586753	750	32.27796517607009	0.0	468278	5147.164872659772	0.45	0.3
17540.331715172015	750	32.491582590808655	0.0	350673	3786.38258526143	0.0	0.75
17544.241302167095	750	32.581995595729936	0.0	313909	3909.5869950787146	0.0	0.75
17551.45678922817	750	29.36650853465363	0.0	412433	7215.487061076311	0.0	0.75
17553.363263460727	300	31.460034302096375	0.0	112467	1906.474232557256	0.45	-0.15000000000000002
17555.45089393412	300	33.37240382870546	0.0	112764	2087.630473390912	0.0	0.3
17561.158524941195	750	31.66477282163141	0.0	470303	5707.631007074047	0.45	0.3
17563.4752760505	750	33.34802171232441	0.0	258018	2316.751109307006	0.0	0.75
17565.05898264305	750	35.764315119771666	0.0	221946	1583.706592552738	0.0	0.75
17568.01929745357	750	36.804000309252196	0.0	359492	2960.3148105194728	0.0	0.75
17577.757179904125	1200	31.066117858696604	0.0	711585	9737.882450555591	0.45	0.75
17586.722856661574	1200	26.100441101248084	0.0	692588	8965.676757448522	0.0	1.2
17593.190202522434	1200	23.633095240387107	0.0	561042	6467.345860860979	0.0	1.2
17600.686744435385	1200	20.136553327438083	0.0	670437	7496.541912949022	0.0	1.2
17610.821954935433	1200	14.001342827392135	0.0	675109	10135.210500045949	0.0	1.2
17617.28831321318	750	11.534984549641207	0.0	439591	6466.358277750927	0.45	0.3
17621.248488289933	750	11.574809472887477	0.0	281068	3960.1750767537305	0.0	0.75
17623.264134618163	300	13.559163144657521	0.0	147805	2015.6463282299549	0.45	-0.15000000000000002
17629.81278208546	750	11.010515677361543	0.0	492258	6548.647467295978	0.45	0.3
17634.535997883475	750	10.287299879343628	0.0	321262	4723.215798017916	0.0	0.75
17638.44665070587	750	10.376647056950514	0.0	213933	3910.652822393112	0.0	0.75
17640.725438205005	300	12.097859557816827	0.0	121946	2278.7874991336867	0.45	-0.15000000000000002
17643.343673732852	300	13.479624029970113	0.0	128420	2618.235527846714	0.0	0.3
17648.616238863247	750	12.207058899572894	0.0	236446	5272.565130397219	0.45	0.3
17656.936575661588	750	7.886722101233803	0.0	367775	8320.33679833909	0.0	0.75
17660.358997161184	300	8.464300601637275	0.0	161516	3422.4214995965285	0.45	-0.15000000000000002
17664.132657195478	300	8.690640567341731	0.0	161042	3773.6600342955444	0.0	0.3
17668.15003432555	300	8.673263437269002	0.0	161603	4017.377130072728	0.0	0.3
17671.412823107206	300	9.410474655614511	0.0	121636	3262.788781654492	0.0	0.3
17682.884227007504	750	4.0	2.0609292446829657	477065	11471.403900297477	0.45	-20.309292446829655
17685.788241967206	300	5.095985040301113	0.0	178996	2904.014959698887	0.45	-0.15000000000000002
17688.00695883853	300	6.8772681689774435	0.0	144037	2218.71687132367	0.0	0.3
17692.47979285578	750	6.4044341517297	0.0	303693	4472.834017247744	0.45	0.3
17697.07331099977	750	5.810916007734972	0.0	356943	4593.518143994727	0.0	0.75

