14187.521885533812	300	4.0	2.1409820439319533	134752	2140.9820439319533	0.0	-21.10982043931953
14189.14558788091	300	6.376297652902399	0.0	100931	1623.7023470976012	0.0	0.3
14191.62037516756	300	7.901510366251415	0.0	161324	2474.7872866509842	0.0	0.3
14193.835567336822	300	9.68631819698895	0.0	185986	2215.1921692624646	0.0	0.3
14195.354963027572	300	12.16692250623798	0.0	153491	1519.3956907509685	0.0	0.3
14196.585163921287	300	14.93672161252301	0.0	150777	1230.2008937149717	0.0	0.3
14198.705454183832	750	16.816431349977584	0.0	297133	2120.2902625454235	0.45	0.3
14201.64688299898	750	17.87500253482887	0.0	254508	2941.4288151487176	0.0	0.75
14205.70143569835	750	17.820449835458735	0.0	358136	4054.552699370135	0.0	0.75
14216.328818944952	750	11.193066588857679	0.0	452035	10627.383246601055	0.0	0.75
14221.749208557692	750	9.772676976118383	0.0	212467	5420.389612739295	0.0	0.75
14225.436429517802	300	10.085456016008157	0.0	106819	3687.2209601102263	0.45	-0.15000000000000002
14231.234599611487	300	8.287285922322456	0.0	167782	5798.170093685701	0.0	0.3
14235.906198752464	300	7.615686781347189	0.0	176784	4671.599140975266	0.0	0.3
14239.59688313455	300	7.92500239925962	0.0	127732	3690.684382087569	0.0	0.3
14243.34437932264	300	8.177506211170678	0.0	164342	3747.4961880889414	0.0	0.3
14246.154884086465	300	9.367001447346093	0.0	154205	2810.5047638245865	0.0	0.3
14248.78287960285	300	10.739005930962831	0.0	158473	2627.995516383262	0.0	0.3
14250.77710374551	300	12.744781788304095	0.0	112467	1994.2241426587354	0.0	0.3
14253.049807234831	300	14.47207829898147	0.0	112764	2272.703489322625	0.0	0.3
14261.466931775703	750	10.054953758109095	0.0	470303	8417.124540872375	0.45	0.3
14263.124285806964	750	12.397599726849565	0.0	258018	1657.3540312595298	0.0	0.75
14264.57379348429	750	14.948092049522964	0.0	221946	1449.507677326601	0.0	0.75
14265.36449491458	300	18.15739061923184	0.0	106134	790.7014302911246	0.45	-0.15000000000000002
14266.23731112694	300	21.284574406871112	0.0	119601	872.8162123607266	0.0	0.3
14268.602629461491	750	22.91925607231892	0.0	392588	2365.318334552195	0.45	0.3
14272.25411840807	1200	23.267767125742157	0.0	561042	3651.488946576762	0.45	0.75
14276.822198904818	1200	22.699686628992712	0.0	670437	4568.080496749442	0.0	1.2
14281.144575939346	1200	22.377309594465412	0.0	675109	4322.3770345273	0.0	1.2
14285.362203829423	1200	22.15968170438979	0.0	739591	4217.627890075621	0.0	1.2
14288.794618254464	1200	22.727267279347583	0.0	581068	3432.4144250422073	0.0	1.2
14293.98004506904	1850	21.54184046477096	0.0	1009814	5185.426814576621	0.65	1.2000000000000002
14299.802033491667	1850	19.719852042143895	0.0	1092258	5821.988422627065	0.0	1.85
14306.297873661375	1850	17.224011872437384	0.0	921262	6495.840169706511	0.0	1.85
14313.406572207941	1850	14.115313325872089	0.0	813933	7108.698546565295	0.0	1.85
14319.100975756766	1850	12.420909777045628	0.0	1034468	5694.403548826459	0.0	1.85
14324.019103779774	1850	11.502781754037269	0.0	866795	4918.128023008359	0.0	1.85
14328.296204776087	1200	11.225680757725954	0.0	536446	4277.100996311315	0.65	0.5499999999999999
14332.37351465276	1200	11.148370881052543	0.0	667775	4077.309876673411	0.0	1.2
14335.81011624081	1200	11.711769293002865	0.0	691562	3436.601588049679	0.0	1.2
14340.428949142355	1200	11.092936391456266	0.0	682374	4618.832901546596	0.0	1.2
14343.9892342501	1200	11.532651283711198	0.0	504922	3560.285107745069	0.0	1.2
14347.807729353606	1200	11.714156180204549	0.0	639905	3818.4951035066497	0.0	1.2
14352.062489467618	1200	11.459396066191806	0.0	777065	4254.7601140127435	0.0	1.2
14358.037258501208	1200	9.484627032603099	0.0	786670	5974.769033588707	0.0	1.2
14364.502599563222	1200	7.0192859705878465	0.0	779573	6465.341062015253	0.0	1.2
14368.287236175609	1200	7.234649358200748	0.0	603693	3784.636612387098	0.0	1.2
14375.273947261288	1850	4.247938272520882	0.0	956943	6986.711085679866	0.65	1.2000000000000002

