7282.2311070835	300	4.0	2.195967440581921	134752	2195.967440581921	0.0	-21.65967440581921
7283.89599420759	300	6.3351128759100135	0.0	100931	1664.8871240899866	0.0	0.3
7286.471483899732	300	7.759623183768091	0.0	161324	2575.489692141923	0.0	0.3
7287.610470338522	300	10.620636744978528	0.0	185986	1138.9864387895627	0.0	0.3
7289.5864333808795	300	12.6446737026205	0.0	153491	1975.96304235803	0.0	0.3
7298.838774186833	750	7.392332896667592	0.0	379669	9252.340805952907	0.45	0.3
7303.277337957219	750	6.953769126281252	0.0	297133	4438.56377038634	0.0	0.75
7306.399062587376	300	7.832044496125137	0.0	161722	3121.7246301561154	0.45	-0.15000000000000002
7311.9620617567	750	6.269045326801569	0.0	358136	5562.999169323568	0.45	0.3
7313.169719328196	300	9.061387755304997	0.0	154508	1207.657571496573	0.45	-0.15000000000000002
7314.182951396708	300	12.048155686793232	0.0	127064	1013.2320685117646	0.0	0.3
7314.939462242386	300	15.29164484111436	0.0	106819	756.5108456788715	0.0	0.3
7317.849076937122	750	16.38203014637852	0.0	498076	2909.614694735843	0.45	0.3
7320.865644809917	750	17.365462273583052	0.0	432887	3016.5678727954655	0.0	0.75
7323.822422759593	750	18.408684323908076	0.0	468278	2956.777949674975	0.0	0.75
7325.882691978575	750	20.34841510492622	0.0	350673	2060.2692189818554	0.0	0.75
7329.467978992534	1200	20.763128090967143	0.0	613909	3585.287013959078	0.45	0.75
7334.842589222421	1200	19.38851786107974	0.0	712433	5374.610229887402	0.0	1.2
7340.340292627378	1200	17.89081445612221	0.0	685116	5497.703404957531	0.0	1.2
7343.434047113805	1200	18.797059969695546	0.0	583475	3093.7544864266633	0.0	1.2
7345.477595499628	750	20.75351158387353	0.0	470303	2043.5483858220164	0.45	0.3
7346.032792042048	300	24.19831504145322	0.0	109931	555.1965424203088	0.45	-0.15000000000000002
7346.68144797646	300	27.549659107041645	0.0	135932	648.6559344115784	0.0	0.3
7347.186867794853	300	31.04423928864807	0.0	106134	505.4198183935775	0.0	0.3
7347.725009065469	300	34.50609801803251	0.0	119601	538.1412706155563	0.0	0.3
7349.63491429498	750	36.596192788521	0.0	392588	1909.9052295115073	0.45	0.3
7350.891488930493	750	39.339618153007436	0.0	261042	1256.5746355135632	0.0	0.75
7352.43531800105	750	41.79578908245095	0.0	370437	1543.8290705564868	0.0	0.75
7354.906347563709	1200	43.32475951979309	0.0	675109	2471.0295626578577	0.45	0.75
7358.311125511256	1200	43.919981572244886	0.0	739591	3404.777947548206	0.0	1.2
7361.024432207049	1200	45.20667487645154	0.0	581068	2713.3066957933465	0.0	1.2
7366.835097827507	1200	43.39600925599466	0.0	709814	5810.665620456875	0.0	1.2
7370.7744708956725	1200	43.456636187828366	0.0	792258	3939.3730681662983	0.0	1.2
7377.353242584328	1850	40.877864499172766	0.0	921262	6578.7716886556	0.65	1.2000000000000002
7391.722513511418	1850	30.50859357208349	0.0	813933	14369.270927089274	0.0	1.85
7410.111618010845	1200	16.11948907265546	0.0	734468	18389.10449942803	0.65	0.5499999999999999
7416.8038792175275	750	13.427227865972883	0.0	266795	6692.261206682574	0.45	0.3
7419.6856695663255	750	14.545437517174545	0.0	236446	2881.7903487983394	0.0	0.75
7421.736383529713	750	16.494723553788376	0.0	367775	2050.713963386169	0.0	0.75
7425.1919263487225	1200	17.03918073477796	0.0	691562	3455.542819010414	0.45	0.75
7437.074059812092	1850	9.157047271408127	0.0	982374	11882.133463369835	0.65	1.2000000000000002
7441.102394255649	1200	9.128712827851158	0.0	504922	4028.334443556966	0.65	0.5499999999999999
7445.742341414121	1200	8.488765669379461	0.0	639905	4639.947158471698	0.0	1.2
7449.61300488911	750	8.61810219439074	0.0	477065	3870.6634749887216	0.45	0.3
7453.826229350585	1200	8.40487773291606	0.0	786670	4213.2244614746805	0.45	0.75
7456.128406633489	750	10.102700450011787	0.0	479573	2302.177282904271	0.45	0.3
7457.8248328304735	750	12.406274253026934	0.0	303693	1696.4261969848526	0.0	0.75
7459.437253157068	750	14.7938539264328	0.0	356943	1612.420326594136	0.0	0.75

