4756.407086501357	300	4.0	0.6259726444056591	134752	625.9726444056591	0.0	-5.959726444056591
4756.896027110569	300	7.511059390788207	0.0	100931	488.94060921179346	0.0	0.3
4757.631251351078	300	10.775835150279677	0.0	161324	735.2242405085291	0.0	0.3
4758.488115563122	300	13.918970938235667	0.0	185986	856.8642120440106	0.0	0.3
4759.275683623522	300	17.13140287783432	0.0	153491	787.5680604013482	0.0	0.3
4760.022929920466	300	20.384156580891165	0.0	150777	747.2462969431554	0.0	0.3
4761.326673404882	750	23.080413096475212	0.0	297133	1303.743484415953	0.45	0.3
4763.322896186701	750	25.08419031465592	0.0	254508	1996.2227818192905	0.0	0.75
4768.967364487166	750	23.439722014190664	0.0	358136	5644.468300465255	0.0	0.75
4774.287772405071	750	22.119314096286303	0.0	452035	5320.407917904362	0.0	0.75
4775.763290983337	750	24.6437955180205	0.0	212467	1475.5185782658045	0.0	0.75
4776.724160193615	300	27.682926307742854	0.0	106819	960.8692102776428	0.45	-0.15000000000000002
4778.380987505577	300	30.02609899578114	0.0	167782	1656.8273119617158	0.0	0.3
4780.385703658421	300	32.02138284293596	0.0	176784	2004.7161528451832	0.0	0.3
4781.852293634676	300	34.554792866681	0.0	127732	1466.5899762549604	0.0	0.3
4782.760157684372	300	37.64692881698519	0.0	164342	907.8640496958078	0.0	0.3
4783.715798721292	300	40.69128778006478	0.0	154205	955.6410369204016	0.0	0.3
4784.742336467899	300	43.66475003345807	0.0	158473	1026.537746606713	0.0	0.3
4785.430212200036	300	46.97687430131988	0.0	112467	687.8757321381875	0.0	0.3
4787.174002852263	750	49.233083649093395	0.0	283475	1743.7906522264911	0.45	0.3
4790.883880372069	1200	49.52320612928793	0.0	770303	3709.8775198054677	0.45	0.75
4793.708792365862	1200	50.69829413549512	0.0	558018	2824.9119937928144	0.0	1.2
4796.4737157135305	1200	51.93337078782654	0.0	521946	2764.923347668578	0.0	1.2
4804.950211512575	1850	47.456874988782815	0.0	959492	8476.495799043729	0.65	1.2000000000000002
4823.039300345255	1850	33.36778615610321	0.0	1011585	18089.088832679616	0.0	1.85
4832.014696085705	1850	28.392390415652574	0.0	992588	8975.395740450627	0.0	1.85
4841.546135554094	1850	22.86095094726364	0.0	861042	9531.439468388937	0.0	1.85
4851.944598593192	1850	16.462487908165993	0.0	970437	10398.463039097645	0.0	1.85
4855.56001348601	1200	16.847073015346783	0.0	675109	3615.4148928192085	0.65	0.5499999999999999
4857.4265737783535	750	18.98051272300347	0.0	439591	1866.5602923433169	0.45	0.3
4858.911909445488	750	21.495177055869526	0.0	281068	1485.3356671339468	0.0	0.75
4862.398929207702	1200	22.008157293655348	0.0	709814	3487.0197622141754	0.45	0.75
4865.932654221497	1200	22.47443227986124	0.0	792258	3533.725013794107	0.0	1.2
4867.132289335128	750	25.274797166229845	0.0	321262	1199.6351136313988	0.45	0.3
4869.234569144133	1200	27.17251735722465	0.0	513933	2102.279809005193	0.45	0.75
4871.098066216743	750	29.309020284615915	0.0	434468	1863.4970726087333	0.45	0.3
4872.267896669192	750	32.13918983216616	0.0	266795	1169.830452449759	0.0	0.75
4874.620878653791	1200	33.78620784756729	0.0	536446	2352.9819845988677	0.45	0.75
4878.811600978516	1850	33.595485522841656	0.0	967775	4190.722324725638	0.65	1.2000000000000002
4883.0815670843285	1850	33.325519417029774	0.0	991562	4269.96610581188	0.0	1.85
4895.443914342898	1850	24.963172158459887	0.0	982374	12362.347258569891	0.0	1.85
4904.107058672404	1850	20.300027828953855	0.0	804922	8663.144329506029	0.0	1.85
4907.514738898099	1200	20.89234760325973	0.0	639905	3407.6802256941273	0.65	0.5499999999999999
4911.751310716102	1200	20.655775785255866	0.0	777065	4236.571818003862	0.0	1.2
4915.676666346795	1200	20.730420154562452	0.0	786670	3925.355630693412	0.0	1.2
4920.846814101971	1850	19.560272399386324	0.0	1079573	5170.147755176125	0.65	1.2000000000000002
4926.004466984386	1850	18.40261951697051	0.0	903693	5157.652882415816	0.0	1.85
4931.265784199177	1850	17.1413023021803	0.0	956943	5261.3172147902105	0.0	1.85

