18504.888350871275	300	4.0	1.5756027889410236	134752	1575.6027889410236	0.0	-15.456027889410235
18506.088576805516	300	6.799774065760757	0.0	100931	1200.2259342392429	0.0	0.3
18507.710594517997	300	9.177756353279365	0.0	161324	1622.0177124813936	0.0	0.3
18511.52195538129	750	9.366395489987259	0.0	450960	3811.3608632921064	0.45	0.3
18513.225088478084	750	11.663262393192488	0.0	253491	1703.1330967947708	0.0	0.75
18516.24464732506	750	12.643703546214615	0.0	379669	3019.5588469778727	0.0	0.75
18518.49552596796	750	14.392824903316953	0.0	297133	2250.8786428976628	0.0	0.75
18520.553062951203	750	16.335287920072346	0.0	254508	2057.5369832446067	0.0	0.75
18523.295030179084	750	17.593320692192485	0.0	358136	2741.9672278798603	0.0	0.75
18526.991432091494	750	17.896918779784123	0.0	452035	3696.4019124083666	0.0	0.75
18532.639111804627	1200	16.24923906665151	0.0	512467	5647.679713132613	0.45	0.75
18538.152961905125	1200	14.735388966152165	0.0	512764	5513.850100499346	0.0	1.2
18551.61820152503	1200	5.270149346247208	0.0	798076	13465.239619904956	0.0	1.2
18556.658072500013	750	4.230278371261516	0.0	432887	5039.870974985693	0.45	0.3
18557.927919948783	300	6.960430922489959	0.0	127732	1269.8474487715562	0.45	-0.15000000000000002
18559.30759276758	300	9.58075810369199	0.0	164342	1379.6728187979702	0.0	0.3
18560.363615508584	300	12.524735362690492	0.0	154205	1056.022741001496	0.0	0.3
18561.740499800766	300	15.147851070503679	0.0	158473	1376.8842921868138	0.0	0.3
18565.223419018897	750	15.664931852373726	0.0	385116	3482.919218129953	0.45	0.3
18569.44632905856	750	15.44202181271563	0.0	283475	4222.910039658095	0.0	0.75
18576.373448525723	750	12.514902345552095	0.0	470303	6927.119467163534	0.0	0.75
18579.492186454212	750	13.396164417065826	0.0	258018	3118.7379284862695	0.0	0.75
18582.290935737263	750	14.597415134012595	0.0	221946	2798.7492830532306	0.0	0.75
18583.703506481714	300	17.18484438956211	0.0	106134	1412.570744450485	0.45	-0.15000000000000002
18588.41897816328	750	16.469372707997525	0.0	411585	4715.471681564583	0.45	0.3
18592.764811092165	750	16.12353977911106	0.0	392588	4345.832928886465	0.0	0.75
18595.731546277635	750	17.15680459364072	0.0	261042	2966.7351854703356	0.0	0.75
18600.823282473426	750	16.06506839784848	0.0	370437	5091.7361957922385	0.0	0.75
18606.724763487215	750	14.16358738405947	0.0	375109	5901.481013789013	0.0	0.75
18613.220469895885	750	11.667880975391043	0.0	439591	6495.706408668428	0.0	0.75
18617.16776767118	750	11.720583200096002	0.0	281068	3947.2977752950414	0.0	0.75
18622.807421674872	750	10.080929196400325	0.0	409814	5639.6540036956785	0.0	0.75
18629.376406504118	750	7.511944367155848	0.0	492258	6568.984829244477	0.0	0.75
18635.112962634455	750	5.775388236818915	0.0	321262	5736.556130336932	0.0	0.75
18638.13546760644	300	6.752883264834391	0.0	158018	3022.504971984524	0.45	-0.15000000000000002
18648.693474983076	750	4.0	3.8051241118047074	434468	10558.007376639098	0.45	-37.751241118047076
18651.633067328978	300	5.060407654097649	0.0	128420	2939.5923459023516	0.45	-0.15000000000000002
18654.499721700467	300	6.193753282610272	0.0	176603	2866.6543714873756	0.0	0.3
18658.56073824586	300	6.132736737216057	0.0	180513	4061.016545394216	0.0	0.3
18662.54916641462	300	6.144308568453002	0.0	161516	3988.428168763056	0.0	0.3
18666.723109130984	300	5.970365852092628	0.0	161042	4173.942716360374	0.0	0.3
18671.177726939735	300	5.515748043341609	0.0	161603	4454.617808751019	0.0	0.3
18674.580479889068	300	6.112995094007794	0.0	121636	3402.752949333814	0.0	0.3
18677.551916753655	300	7.141558229424793	0.0	139365	2971.436864583002	0.0	0.3
18680.664827780547	300	8.028647202529624	0.0	178996	3112.911026895168	0.0	0.3
18682.936377743597	300	9.75709723948152	0.0	144037	2271.5499630481045	0.0	0.3
18685.69315734678	300	11.000317636298522	0.0	181068	2756.7796031829976	0.0	0.3
18690.61507609013	750	10.078398892947698	0.0	356943	4921.918743350824	0.45	0.3

