17380.944009815925	300	4.0	1.9139247001089976	134752	1913.9247001089975	0.0	-18.839247001089976
17382.397643260374	300	6.546366555548702	0.0	100931	1453.6334444512975	0.0	0.3
17384.682316931587	300	8.261692884335847	0.0	161324	2284.673671212854	0.0	0.3
17387.35816610128	300	9.58584371464374	0.0	185986	2675.849169692106	0.0	0.3
17389.483328779355	300	11.460681036570106	0.0	153491	2125.162678073634	0.0	0.3
17393.506737660653	300	11.437272155271344	0.0	150777	4023.408881298761	0.0	0.3
17395.155373267044	300	13.788636548883533	0.0	148597	1648.6356063878127	0.0	0.3
17397.02391322982	300	15.920096586109244	0.0	161722	1868.5399627742884	0.0	0.3
17399.637704893517	300	17.30630492241207	0.0	197133	2613.7916636971754	0.0	0.3
17407.429640317067	750	13.514369498861939	0.0	452035	7791.9354235501305	0.45	0.3
17410.861757611583	750	14.082252204346457	0.0	212467	3432.117294515483	0.0	0.75
17413.889050168284	750	15.05495964764537	0.0	212764	3027.292556701087	0.0	0.75
17419.28600848391	750	13.658001332020948	0.0	498076	5396.958315624423	0.0	0.75
17423.565991151496	750	13.378018664432265	0.0	432887	4279.982667588684	0.0	0.75
17431.154830463776	750	9.789179352153107	0.0	468278	7588.839312279157	0.0	0.75
17439.24657041238	750	5.6974394035472535	0.0	350673	8091.739948605854	0.0	0.75
17442.156934668135	300	6.787075147790229	0.0	154205	2910.364255757025	0.45	-0.15000000000000002
17445.09268440879	300	7.851325407134842	0.0	158473	2935.749740655386	0.0	0.3
17447.7959375166	300	9.14807229932705	0.0	112467	2703.2531078077914	0.0	0.3
17450.509103877517	300	10.4349059384069	0.0	112764	2713.166360920152	0.0	0.3
17453.859405902105	300	11.084603913820239	0.0	139768	3350.3020245866605	0.0	0.3
17456.48334891299	300	12.460660902937724	0.0	109931	2623.943010882515	0.0	0.3
17459.110879757907	300	13.833130058019387	0.0	135932	2627.5308449183353	0.0	0.3
17460.82258454167	300	16.121425274255685	0.0	106134	1711.704783763704	0.0	0.3
17462.45932501535	300	18.48468480057933	0.0	119601	1636.7404736763538	0.0	0.3
17465.160969834364	300	19.78303998156116	0.0	141082	2701.6448190181695	0.0	0.3
17468.230327344612	300	20.71368247131384	0.0	143746	3069.35751024732	0.0	0.3
17476.425231887155	750	16.518777928769886	0.0	370437	8194.904542543954	0.45	0.3
17484.670905543273	750	12.27310427265379	0.0	375109	8245.673656116098	0.0	0.75
17490.258643982983	750	10.685365832940995	0.0	439591	5587.738439712794	0.0	0.75
17491.549074923227	300	13.394934892697682	0.0	124205	1290.4309402433137	0.45	-0.15000000000000002
17492.78692895129	300	16.157080864637795	0.0	147805	1237.8540280598856	0.0	0.3
17494.51743204273	300	18.426577773199305	0.0	163354	1730.5030914384924	0.0	0.3
17498.61223466639	750	18.331775149537474	0.0	321262	4094.8026236618275	0.45	0.3
17501.86838049056	750	19.07562932537143	0.0	213933	3256.1458241660457	0.0	0.75
17510.65138950133	750	14.292620314603182	0.0	434468	8783.00901076825	0.0	0.75
17514.606653949446	750	14.337355866484753	0.0	266795	3955.264448118429	0.0	0.75
17518.778189295303	750	14.165820520629794	0.0	236446	4171.53534585496	0.0	0.75
17525.94046345726	750	11.003546358674193	0.0	367775	7162.274161955599	0.0	0.75
17528.799446825626	300	12.144562990306644	0.0	161516	2858.983368367549	0.45	-0.15000000000000002
17531.454749038225	300	13.489260777708884	0.0	161042	2655.3022125977604	0.0	0.3
17533.775930441916	300	15.168079374016182	0.0	161603	2321.181403692701	0.0	0.3
17535.34915954515	300	17.594850270782093	0.0	121636	1573.2291032340904	0.0	0.3
17537.19767924591	300	19.746330570019506	0.0	139365	1848.5197007625843	0.0	0.3
17542.71305335696	750	18.23095645896957	0.0	486670	5515.374111049935	0.45	0.3
17548.491714533142	750	16.452295282787958	0.0	479573	5778.661176181611	0.0	0.75
17556.21631503785	1200	12.727694778080663	0.0	603693	7724.600504707294	0.45	0.75
17565.92125597752	1200	7.022753838410332	0.0	656943	9704.94093967033	0.0	1.2

