9045.90298418702	300	4.0	1.7851941832398543	134752	1785.1941832398543	0.0	-17.551941832398544
9047.233713215148	300	6.669270971871387	0.0	100931	1330.7290281286137	0.0	0.3
9048.77008513117	300	9.132899055851032	0.0	161324	1536.3719160203543	0.0	0.3
9050.437706506573	300	11.465277680445949	0.0	185986	1667.6213754050843	0.0	0.3
9052.191696448124	750	13.711287738893287	0.0	253491	1753.989941552662	0.45	0.3
9055.565157333014	750	14.337826854003609	0.0	379669	3373.460884889677	0.0	0.75
9058.523195360776	750	15.37978882624157	0.0	297133	2958.0380277620393	0.0	0.75
9060.898430428553	750	17.00455375846345	0.0	254508	2375.2350677781205	0.0	0.75
9066.480083714952	750	15.422900472065052	0.0	358136	5581.653286398398	0.0	0.75
9073.124003436502	750	12.778980750515329	0.0	452035	6643.9197215497215	0.0	0.75
9074.31753218801	300	15.585451999007107	0.0	127064	1193.5287515082223	0.45	-0.15000000000000002
9075.261099659518	300	18.64188452749925	0.0	106819	943.5674715078596	0.0	0.3
9077.108557752124	300	20.79442643489144	0.0	167782	1847.458092607809	0.0	0.3
9078.87090797903	300	23.03207620798551	0.0	176784	1762.35022690593	0.0	0.3
9079.90251081331	300	26.00047337370501	0.0	127732	1031.602834280504	0.0	0.3
9083.11233467335	750	26.790649513666427	0.0	350673	3209.8238600385803	0.45	0.3
9089.449310055685	1200	24.453674131331837	0.0	613909	6336.97538233459	0.45	0.75
9100.737712460726	1200	17.165271726288978	0.0	712433	11288.402405042862	0.0	1.2
9107.005254716503	1200	14.89772947051366	0.0	685116	6267.542255775318	0.0	1.2
9111.014438275963	1200	14.88854591105302	0.0	583475	4009.1835594606378	0.0	1.2
9117.909987393383	1200	11.992996793632784	0.0	770303	6895.549117420236	0.0	1.2
9120.486438866517	750	13.416545320499466	0.0	258018	2576.451473133319	0.45	0.3
9121.92899654704	300	15.973987639976707	0.0	135932	1442.5576805227588	0.45	-0.15000000000000002
9123.146079619763	300	18.75690456725202	0.0	106134	1217.0830727246885	0.0	0.3
9124.4692528371	300	21.433731349916805	0.0	119601	1323.173217335214	0.0	0.3
9125.982869239067	300	23.920114947948875	0.0	141082	1513.616401967929	0.0	0.3
9127.50802026681	300	26.39496392020656	0.0	143746	1525.1510277423142	0.0	0.3
9131.328467664185	750	26.574516522830177	0.0	370437	3820.447397376381	0.45	0.3
9140.53562514585	1200	21.367359041166274	0.0	675109	9207.157481663902	0.45	0.75
9153.435301177005	1200	12.46768301001014	0.0	739591	12899.676031156134	0.0	1.2
9159.097671831738	1200	10.805312355277609	0.0	581068	5662.370654732532	0.0	1.2
9165.010048381584	1200	8.892935805431723	0.0	709814	5912.376549845884	0.0	1.2
9169.24136219013	750	8.6616219968844	0.0	492258	4231.313808547324	0.45	0.3
9170.088258018628	300	11.81472616838855	0.0	108159	846.8958284958494	0.45	-0.15000000000000002
9171.40725047536	300	14.495733711655847	0.0	158018	1318.992456732703	0.0	0.3
9172.327744986036	300	17.575239200978586	0.0	121946	920.4945106772594	0.0	0.3
9174.211819169092	750	19.6911650179238	0.0	266795	1884.074183054785	0.45	0.3
9175.743957810424	300	22.159026376591445	0.0	176603	1532.1386413323578	0.45	-0.15000000000000002
9177.11310305149	300	24.789881135525597	0.0	180513	1369.1452410658476	0.0	0.3
9179.830755538742	750	26.07222864827448	0.0	391562	2717.6524872511177	0.45	0.3
9182.268663126266	750	27.634321060750352	0.0	382374	2437.907587524125	0.0	0.75
9186.025895563604	1200	27.877088623412572	0.0	504922	3757.232437337782	0.45	0.75
9192.238019096147	1850	25.664965090868762	0.0	939905	6212.123532543811	0.65	1.2000000000000002
9199.945093930835	1850	21.957890256180587	0.0	1077065	7707.0748346881755	0.0	1.85
9207.885682335609	1850	18.01730185140665	0.0	1086670	7940.588404773937	0.0	1.85
9217.972443741424	1850	11.93054044559219	0.0	1079573	10086.76140581446	0.0	1.85
9226.827130919382	1850	7.075853267634915	0.0	903693	8854.687177957274	0.0	1.85
9231.707925418914	1200	6.1950587681031895	0.0	656943	4880.794499531726	0.65	0.5499999999999999

