15459.238382820347	750	4.0	2.0472896362655346	496896	2047.2896362655345	0.0	-19.722896362655348
15459.699953010831	300	7.53842980951636	0.0	100931	461.57019048363964	0.45	-0.15000000000000002
15461.276241756079	750	9.962141064268454	0.0	417058	1576.2887452479058	0.45	0.3
15463.344977011142	1200	11.89340580920591	0.0	750960	2068.7352550625437	0.45	0.75
15465.543329717191	1850	13.69505310315808	0.0	853491	2198.35270604783	0.65	1.2000000000000002
15470.215944393232	2850	13.022438427116661	0.0	1554938	4672.614676041419	1.0	1.85
15475.735021331582	2850	11.503361488766187	0.0	1197133	5519.076938350476	0.0	2.85
15478.33822172594	1850	12.900161094407888	0.0	854508	2603.2003943582986	1.0	0.8500000000000001
15480.979761849645	1850	14.258620970703735	0.0	958136	2641.540123704153	0.0	1.85
15485.144951344815	2850	14.093431475532325	0.0	1352035	4165.189495171409	1.0	1.85
15490.08927156843	2850	13.14911125191872	0.0	1500035	4944.320223613604	0.0	2.85
15494.033604844595	2850	13.204777975753503	0.0	1438928	3944.3332761652173	0.0	2.85
15498.935951940777	2850	12.302430879570421	0.0	1416349	4902.347096183081	0.0	2.85
15502.759463794166	1850	12.478919026180098	0.0	1032887	3823.5118533903233	1.0	0.8500000000000001
15507.282217124271	1850	11.956165696073539	0.0	1068278	4522.75333010656	0.0	1.85
15511.3258770988	1850	11.912505721546172	0.0	950673	4043.659974527368	0.0	1.85
15515.21501570923	1850	12.023367111116993	0.0	913909	3889.1386104291787	0.0	1.85
15524.262399954054	1850	6.97598286629056	0.0	1012433	9047.384244826433	0.0	1.85
15525.74430310984	300	9.494079710504701	0.0	112467	1481.9031557858577	1.55	-1.25
15527.484673579433	1200	11.753709240911427	0.0	583475	1740.370469593275	0.9	0.29999999999999993
15539.835441366431	1850	4.0	0.597058546086162	1070303	12350.767786997589	0.65	-4.770585460861621
15540.83541701853	300	7.00002434789873	0.0	109931	999.975652101269	1.55	-1.25
15542.609523540319	750	9.225917826109578	0.0	221946	1774.1065217891519	0.45	0.3
15548.532682507977	1200	7.302758858452046	0.0	659492	5923.158967657532	0.45	0.75
15551.95771165623	750	7.8777297102002946	0.0	411585	3425.0291482517514	0.45	0.3
15555.282011708183	750	8.553429658246031	0.0	392588	3324.300051954263	0.0	0.75
15557.55563140588	750	10.2798099605512	0.0	261042	2273.6196976948318	0.0	0.75
15563.93006139096	1200	7.905379975469881	0.0	670437	6374.429985081319	0.45	0.75
15568.567518558228	750	7.26792280820206	0.0	375109	4637.457167267821	0.45	0.3
15573.46345363124	750	6.371987735189092	0.0	439591	4895.935073012968	0.0	0.75
15574.610190507863	300	9.225250858567199	0.0	124205	1146.7368766218929	0.45	-0.15000000000000002
15580.154181037993	1200	7.68126032843845	0.0	709814	5543.990530128749	0.9	0.29999999999999993
15584.119101170532	750	7.716340195898603	0.0	492258	3964.9201325398467	0.45	0.3
15586.729726318708	750	9.10571504772333	0.0	321262	2610.6251481752724	0.0	0.75
15590.78829749807	1200	9.047143868361351	0.0	513933	4058.5711793619794	0.45	0.75
15596.677515974423	1200	7.157925392008525	0.0	734468	5889.218476352826	0.0	1.2
15598.928417398027	750	8.907023968405971	0.0	266795	2250.9014236025537	0.45	0.3
15600.729102820978	750	11.10633854545416	0.0	236446	1800.6854229518126	0.0	0.75
15609.235017623256	1850	6.600423743177502	0.0	967775	8505.914802276657	1.1	0.75
15610.95699211846	300	8.878449247974263	0.0	161516	1721.9744952032377	1.55	-1.25
15614.940734821868	750	8.894706544564269	0.0	382374	3983.7427034099946	0.45	0.3
15616.91673952364	750	10.918701842792565	0.0	204922	1976.0047017717054	0.0	0.75
15621.044390845562	1200	10.791050520870623	0.0	639905	4127.651321921941	0.45	0.75
15626.539435280094	1200	9.296006086337432	0.0	777065	5495.044434533192	0.0	1.2
15632.457574590058	1200	7.377866776371669	0.0	786670	5918.139309965762	0.0	1.2
15636.208507881513	750	7.62693348491695	0.0	479573	3750.93329145472	0.45	0.3
15638.561795809635	750	9.27364555679368	0.0	303693	2353.28792812327	0.0	0.75
15644.305210956596	1200	7.530230409833266	0.0	656943	5743.415146960413	0.45	0.75

