7154.070028262377	300	4.0	2.195967440581921	134752	2195.967440581921	0.0	-21.65967440581921
7155.734915386466	300	6.3351128759100135	0.0	100931	1664.8871240899866	0.0	0.3
7158.310405078609	300	7.759623183768091	0.0	161324	2575.489692141923	0.0	0.3
7159.449391517398	300	10.620636744978528	0.0	185986	1138.9864387895627	0.0	0.3
7161.425354559756	300	12.6446737026205	0.0	153491	1975.96304235803	0.0	0.3
7170.677695365709	750	7.392332896667592	0.0	379669	9252.340805952907	0.45	0.3
7175.116259136095	750	6.953769126281252	0.0	297133	4438.56377038634	0.0	0.75
7178.237983766252	300	7.832044496125137	0.0	161722	3121.7246301561154	0.45	-0.15000000000000002
7181.866372762215	300	8.203655500162169	0.0	197133	3628.3889959629682	0.0	0.3
7183.834584172731	300	10.235444089646656	0.0	154508	1968.2114105155144	0.0	0.3
7184.83621420073	300	13.23381406164862	0.0	127064	1001.630027998036	0.0	0.3
7185.7106962307635	300	16.359332031614755	0.0	106819	874.482030033864	0.0	0.3
7188.712052621416	750	17.3579756409624	0.0	498076	3001.356390652355	0.45	0.3
7191.6462964680895	750	18.423731794288585	0.0	432887	2934.2438466738167	0.0	0.75
7194.725816379448	750	19.344211882930278	0.0	468278	3079.519911358308	0.0	0.75
7196.872208413996	750	21.19781984838112	0.0	350673	2146.3920345491597	0.0	0.75
7200.309103646053	1200	21.760924616324566	0.0	613909	3436.89523205655	0.45	0.75
7207.620228226684	1850	18.449800035693542	0.0	1012433	7311.124580631026	0.65	1.2000000000000002
7212.964960277219	1200	17.10506798515956	0.0	685116	5344.732050533981	0.65	0.5499999999999999
7215.850844023952	1200	18.219184238425346	0.0	583475	2885.883746734212	0.0	1.2
7217.9133074988695	750	20.156720763508318	0.0	470303	2062.4634749170273	0.45	0.3
7218.453191231366	300	23.616837031011194	0.0	109931	539.8837324971253	0.45	-0.15000000000000002
7219.071673344062	300	26.998354918314718	0.0	135932	618.4821126964758	0.0	0.3
7219.559034315638	300	30.510993946739045	0.0	106134	487.3609715756715	0.0	0.3
7220.18579768812	300	33.884230574257266	0.0	119601	626.7633724817797	0.0	0.3
7222.103732220913	750	35.966296041463956	0.0	392588	1917.9345327933158	0.45	0.3
7223.340737483773	750	38.72929077860429	0.0	261042	1237.0052628596645	0.0	0.75
7224.744188182844	750	41.325840079533826	0.0	370437	1403.4506990704595	0.0	0.75
7227.304401087464	1200	42.765627174914144	0.0	675109	2560.212904619681	0.45	0.75
7230.794265015113	1200	43.27576324726539	0.0	739591	3489.863927648756	0.0	1.2
7233.6218506394725	1200	44.44817762290505	0.0	581068	2827.5856243603366	0.0	1.2
7239.270034533524	1200	42.7999937288542	0.0	709814	5648.18389405085	0.0	1.2
7243.480736681963	1200	42.58929158041456	0.0	792258	4210.70214843964	0.0	1.2
7247.529123889657	1200	42.5409043727207	0.0	621262	4048.387207693856	0.0	1.2
7253.507458031157	1200	40.562570231220576	0.0	513933	5978.334141500125	0.0	1.2
7271.1146166169465	1200	26.955411645430544	0.0	734468	17607.15858579003	0.0	1.2
7276.809968059348	750	25.260060203029614	0.0	266795	5695.351442400931	0.45	0.3
7281.804707250183	300	24.26532101219386	0.0	176603	4994.739190835757	0.45	-0.15000000000000002
7285.667018916127	300	24.403009346250307	0.0	180513	3862.31166594355	0.0	0.3
7289.7072556251505	300	24.36277263722725	0.0	161516	4040.236709023059	0.0	0.3
7291.647323027547	300	26.422705234830943	0.0	161042	1940.0674023963038	0.0	0.3
7292.708556425913	300	29.361471836464062	0.0	161603	1061.2333983668836	0.0	0.3
7294.452592129272	750	31.617436133105496	0.0	339905	1744.0357033585633	0.45	0.3
7296.900453753914	750	33.16957450846312	0.0	477065	2447.861624642378	0.0	0.75
7303.736646121319	1200	30.333382141058877	0.0	786670	6836.192367404245	0.45	0.75
7313.132304337073	1200	24.937723925304194	0.0	779573	9395.65821575468	0.0	1.2
7315.24507742847	750	26.82495083390746	0.0	303693	2112.7730913967353	0.45	0.3
7317.991088765955	750	28.078939496421622	0.0	356943	2746.0113374858365	0.0	0.75

