11851.320310679026	300	4.0	1.6370570557873787	134752	1637.0570557873787	0.0	-16.070570557873786
11852.56656665814	300	6.753744020885211	0.0	100931	1246.2559791147883	0.0	0.3
11854.451894444683	300	8.868416234341975	0.0	161324	1885.3277865432356	0.0	0.3
11856.116209170845	300	11.204101508180756	0.0	185986	1664.3147261612187	0.0	0.3
11857.643340361325	300	13.676970317699837	0.0	153491	1527.1311904809197	0.0	0.3
11859.055191152622	300	16.265119526403907	0.0	150777	1411.8507912959287	0.0	0.3
11860.540068290376	300	18.78024238864836	0.0	148597	1484.8771377555508	0.0	0.3
11862.887374780885	750	20.43293589814156	0.0	254508	2347.3064905067986	0.45	0.3
11866.18004130213	750	21.14026937689589	0.0	358136	3292.666521245673	0.0	0.75
11870.036758160231	750	21.283552518793197	0.0	452035	3856.716858102694	0.0	0.75
11872.04619489673	750	23.27411578229598	0.0	212467	2009.4367364972168	0.0	0.75
11873.873297899774	750	25.4470127792517	0.0	212764	1827.1030030442766	0.0	0.75
11878.149664797076	750	25.170645881947422	0.0	498076	4276.36689730428	0.0	0.75
11882.99271132002	750	24.32759935900537	0.0	432887	4843.0465229420515	0.0	0.75
11888.326156653764	750	22.994154025259327	0.0	468278	5333.445333746042	0.0	0.75
11891.312027020624	750	24.008283658399243	0.0	350673	2985.870366860083	0.0	0.75
11894.24255873477	750	25.07775194425451	0.0	313909	2930.5317141447326	0.0	0.75
11898.337817159354	750	24.982493519668086	0.0	412433	4095.258424586424	0.0	0.75
11901.992776082312	750	25.327534596710798	0.0	385116	3654.9589229572894	0.0	0.75
11905.938493897815	750	25.381816781209096	0.0	283475	3945.717815501699	0.0	0.75
11912.121364035984	750	23.198946643038337	0.0	470303	6182.8701381707615	0.0	0.75
11915.919594622968	750	23.40071605605463	0.0	258018	3798.2305869837082	0.0	0.75
11918.720234877741	750	24.600075801280603	0.0	221946	2800.640254774027	0.0	0.75
11922.679444206758	750	24.64086647226197	0.0	359492	3959.2093290186363	0.0	0.75
11925.887729069815	750	25.432581609207073	0.0	411585	3208.284863054895	0.0	0.75
11929.16840603464	750	26.151904644381606	0.0	392588	3280.6769648254685	0.0	0.75
11932.295405603716	750	27.0249050753044	0.0	261042	3126.9995690772066	0.0	0.75
11938.328498349741	1200	24.991812329279803	0.0	670437	6033.092746024595	0.45	0.75
11945.5007179142	1200	21.81959276482155	0.0	675109	7172.2195644582525	0.0	1.2
11951.47701314098	1200	19.84329753804154	0.0	739591	5976.29522678001	0.0	1.2
11955.442255907225	1200	19.87805477179708	0.0	581068	3965.2427662444634	0.0	1.2
11964.940254705663	1200	14.380055973358473	0.0	709814	9497.998798438603	0.0	1.2
11975.816889412039	1200	7.50342126698233	0.0	792258	10876.634706376144	0.0	1.2
11979.980823692962	750	7.339486986059325	0.0	321262	4163.934280923006	0.45	0.3
11982.358751830267	300	8.96155884875535	0.0	158018	2377.9281373039744	0.45	-0.15000000000000002
11984.065670364736	300	11.254640314286622	0.0	121946	1706.9185344687294	0.0	0.3
11985.683354264822	300	13.636956414199709	0.0	128420	1617.6839000869134	0.0	0.3
11988.448650342316	750	14.871660336705693	0.0	236446	2765.2960774940166	0.45	0.3
11993.836042723879	750	13.48426795514268	0.0	367775	5387.392381563011	0.0	0.75
11997.623769203321	750	13.696541475702045	0.0	391562	3787.7264794406365	0.0	0.75
12002.3974860386	750	12.922824640421846	0.0	382374	4773.716835280198	0.0	0.75
12005.914165295882	750	13.406145383141384	0.0	204922	3516.679257280462	0.0	0.75
12011.149222531378	750	12.171088147645602	0.0	339905	5235.057235495782	0.0	0.75
12018.781698017947	750	8.538612661076026	0.0	477065	7632.475486569577	0.0	0.75
12026.16612231061	750	5.154188368413968	0.0	486670	7384.424292662057	0.0	0.75
12028.850981850575	300	6.46932882844715	0.0	144037	2684.8595399668184	0.45	-0.15000000000000002
12031.921948917348	300	7.398361761675378	0.0	181068	3070.967066771772	0.0	0.3
12034.487017084763	300	8.833293594261141	0.0	178742	2565.0681674142384	0.0	0.3

