17483.38212598219	300	4.0	1.9139247001089976	134752	1913.9247001089975	0.0	-18.839247001089976
17488.066158287973	750	4.0	0.6840323057853775	332003	4684.0323057853775	0.45	-6.540323057853776
17490.272846729404	300	5.793311558568633	0.0	161324	2206.688441431367	0.45	-0.15000000000000002
17493.883286073207	300	6.182872214764821	0.0	185986	3610.439343803813	0.0	0.3
17496.71247252726	300	7.353685760713452	0.0	153491	2829.186454051369	0.0	0.3
17498.384120883715	300	9.682037404257162	0.0	150777	1671.6483564562893	0.0	0.3
17500.201882172412	300	11.864276115558507	0.0	148597	1817.7612886986556	0.0	0.3
17502.614600339224	300	13.451557948747313	0.0	161722	2412.718166811194	0.0	0.3
17506.739399305556	300	13.326758982414358	0.0	197133	4124.798966332955	0.0	0.3
17508.845649344345	300	15.220508943625996	0.0	154508	2106.2500387883624	0.0	0.3
17510.898267906687	300	17.167890381280465	0.0	127064	2052.618562345533	0.0	0.3
17512.66281750369	300	19.403340784276274	0.0	106819	1764.5495970041902	0.0	0.3
17519.231184230706	750	16.83497405725819	0.0	498076	6568.366727018085	0.45	0.3
17523.450303462585	750	16.615854825382144	0.0	432887	4219.119231876047	0.0	0.75
17528.610919209088	750	15.455239078877886	0.0	468278	5160.615746504255	0.0	0.75
17535.88718558169	750	12.178972706276193	0.0	350673	7276.2663726016945	0.0	0.75
17542.80029033872	750	9.2658679492474	0.0	313909	6913.104757028791	0.0	0.75
17545.76301556556	300	10.303142722407978	0.0	158473	2962.7252268394227	0.45	-0.15000000000000002
17547.93879775627	300	12.127360531696253	0.0	112467	2175.7821907117245	0.0	0.3
17550.657175714307	300	13.40898257366103	0.0	112764	2718.3779580352234	0.0	0.3
17553.99790928335	300	14.068249004620412	0.0	139768	3340.7335690406157	0.0	0.3
17556.66247412555	300	15.403684162417573	0.0	109931	2664.5648422028403	0.0	0.3
17559.710501468435	300	16.35565681953001	0.0	135932	3048.027342887561	0.0	0.3
17561.779581587132	300	18.28657670083417	0.0	106134	2069.080118695838	0.0	0.3
17563.620573231274	300	20.445585056692682	0.0	119601	1840.9916441414916	0.0	0.3
17565.72018672021	300	22.345971567752617	0.0	141082	2099.6134889400646	0.0	0.3
17571.076438988162	750	20.989719299800473	0.0	261042	5356.252267952145	0.45	0.3
17579.294343246424	750	16.77181504154151	0.0	370437	8217.90425825896	0.0	0.75
17587.508846851353	750	12.557311436610645	0.0	375109	8214.503604930866	0.0	0.75
17592.89450239155	750	11.171655896410735	0.0	439591	5385.655540199909	0.0	0.75
17595.40644917984	750	12.659709108118648	0.0	281068	2511.9467882920862	0.0	0.75
17600.324799064434	750	11.741359223525135	0.0	409814	4918.349884593512	0.0	0.75
17609.27031699936	750	6.795841288603686	0.0	492258	8945.51793492145	0.0	0.75
17611.394404238577	300	8.671754049384372	0.0	108159	2124.087239219314	0.45	-0.15000000000000002
17613.97415884549	300	10.091999442475156	0.0	158018	2579.7546069092155	0.0	0.3
17615.826397286663	300	12.239761001302371	0.0	121946	1852.2384411727846	0.0	0.3
17617.745967481464	300	14.320190806497825	0.0	128420	1919.570194804546	0.0	0.3
17620.915008206357	300	15.151150081604616	0.0	176603	3169.04072489321	0.0	0.3
17628.154938102987	750	11.911220184973462	0.0	367775	7239.929896631153	0.45	0.3
17634.62078023512	750	9.445378052840754	0.0	391562	6465.84213213271	0.0	0.75
17639.59881502774	750	8.467343260218579	0.0	382374	4978.034792622175	0.0	0.75
17641.48646472286	300	10.579693565096244	0.0	161603	1887.6496951223348	0.45	-0.15000000000000002
17642.893530062127	300	13.172628225829529	0.0	121636	1407.0653392667145	0.0	0.3
17644.503343257988	300	15.562815029971736	0.0	139365	1609.813195857793	0.0	0.3
17646.712759962535	300	17.353398325422166	0.0	178996	2209.4167045495706	0.0	0.3
17652.609644625696	750	15.45651366225977	0.0	479573	5896.884663162398	0.45	0.3
17656.487976614324	750	15.578181673636168	0.0	303693	3878.331988623601	0.0	0.75
17658.858218724818	300	17.20793956314065	0.0	178742	2370.2421104955206	0.45	-0.15000000000000002

