10808.22638435111	300	4.0	1.6370570557873787	134752	1637.0570557873787	0.0	-16.070570557873786
10809.472640330225	300	6.753744020885211	0.0	100931	1246.2559791147883	0.0	0.3
10811.357968116768	300	8.868416234341975	0.0	161324	1885.3277865432356	0.0	0.3
10813.022282842929	300	11.204101508180756	0.0	185986	1664.3147261612187	0.0	0.3
10814.549414033409	300	13.676970317699837	0.0	153491	1527.1311904809197	0.0	0.3
10815.961264824706	300	16.265119526403907	0.0	150777	1411.8507912959287	0.0	0.3
10817.44614196246	300	18.78024238864836	0.0	148597	1484.8771377555508	0.0	0.3
10819.793448452969	750	20.43293589814156	0.0	254508	2347.3064905067986	0.45	0.3
10821.623184314472	300	22.603200036637997	0.0	197133	1829.735861503564	0.45	-0.15000000000000002
10823.10709908858	300	25.11928526253172	0.0	154508	1483.9147741062825	0.0	0.3
10824.257669767176	300	27.968714583936293	0.0	127064	1150.5706785954253	0.0	0.3
10825.22287368395	300	31.003510667160576	0.0	106819	965.2039167757164	0.0	0.3
10826.662394855848	300	33.5639894952623	0.0	167782	1439.5211718982791	0.0	0.3
10828.358989435585	300	35.867394915524464	0.0	176784	1696.5945797378374	0.0	0.3
10829.589056538554	300	38.637327812555846	0.0	127732	1230.0671029686227	0.0	0.3
10830.997521533702	300	41.22886281740859	0.0	164342	1408.4649951472518	0.0	0.3
10832.289218391505	300	43.93716595960695	0.0	154205	1291.6968578016415	0.0	0.3
10835.976429035394	750	44.24995531571726	0.0	412433	3687.2106438896963	0.45	0.3
10840.410044211381	750	43.81634013972958	0.0	385116	4433.615175987675	0.0	0.75
10843.963254162434	750	44.26313018867716	0.0	283475	3553.2099510524213	0.0	0.75
10848.127775255894	750	44.098609095217675	0.0	470303	4164.521093459485	0.0	0.75
10850.385140260134	750	45.84124409097751	0.0	258018	2257.3650042401664	0.0	0.75
10852.725551179969	750	47.500833171143015	0.0	221946	2340.4109198344963	0.0	0.75
10856.158240681443	750	48.06814366966717	0.0	359492	3432.689501475842	0.0	0.75
10860.401732747836	750	47.82465160327527	0.0	411585	4243.492066391905	0.0	0.75
10865.660177531432	750	46.56620681967907	0.0	392588	5258.444783596205	0.0	0.75
10869.234712485859	750	46.99167186525234	0.0	261042	3574.534954426725	0.0	0.75
10874.447000000358	750	45.779384350753325	0.0	370437	5212.287514499016	0.0	0.75
10879.108031157037	750	45.11835319407301	0.0	375109	4661.031156680317	0.0	0.75
10882.514273138075	750	45.71211121303587	0.0	439591	3406.2419810371453	0.0	0.75
10884.863741006824	750	47.362643344286624	0.0	281068	2349.467868749241	0.0	0.75
10892.26593632463	1200	43.96044802647957	0.0	709814	7402.195317807053	0.45	0.75
10902.7258905597	1850	37.500493791410584	0.0	1092258	10459.954235068992	0.65	1.2000000000000002
10909.88772321393	1850	34.3386611371809	0.0	921262	7161.832654229683	0.0	1.85
10916.85884340103	1850	31.36754095007817	0.0	813933	6971.120187102729	0.0	1.85
10932.478771555803	1850	19.74761279530568	0.0	1034468	15619.928154772486	0.0	1.85
10939.95462059181	1200	16.271763759299645	0.0	566795	7475.849036006035	0.65	0.5499999999999999
10946.707822879274	1200	13.518561471835643	0.0	536446	6753.202287464004	0.0	1.2
10954.381447233956	1200	9.844937117152421	0.0	667775	7673.624354683221	0.0	1.2
10959.249902907362	750	8.976481443746495	0.0	391562	4868.455673405927	0.45	0.3
10962.031861052525	300	10.194523298584587	0.0	161042	2781.958145161909	0.45	-0.15000000000000002
10964.690963741079	300	11.535420610030647	0.0	161603	2659.10268855394	0.0	0.3
10966.589539154402	300	13.636845196708524	0.0	121636	1898.5754133221242	0.0	0.3
10968.769751900176	300	15.456632450933231	0.0	139365	2180.212745775292	0.0	0.3
10976.511444152466	750	11.714940198644358	0.0	486670	7741.692252288873	0.45	0.3
10978.702093110853	300	13.524291240256705	0.0	144037	2190.6489583876537	0.45	-0.15000000000000002
10981.462770053	300	14.763614298110104	0.0	181068	2760.6769421466015	0.0	0.3
10984.51013720036	300	15.716247150749616	0.0	178742	3047.3671473604877	0.0	0.3

