12998.35794082466	300	4.0	2.1409820439319533	134752	2140.9820439319533	0.0	-21.10982043931953
12999.981643171759	300	6.376297652902399	0.0	100931	1623.7023470976012	0.0	0.3
13002.45643045841	300	7.901510366251415	0.0	161324	2474.7872866509842	0.0	0.3
13004.671622627671	300	9.68631819698895	0.0	185986	2215.1921692624646	0.0	0.3
13006.191018318423	300	12.16692250623798	0.0	153491	1519.3956907509685	0.0	0.3
13007.421219212138	300	14.93672161252301	0.0	150777	1230.2008937149717	0.0	0.3
13008.528942774099	300	17.82899805056172	0.0	148597	1107.723561961289	0.0	0.3
13009.739756152789	300	20.61818467187221	0.0	161722	1210.8133786895094	0.0	0.3
13011.989719928977	300	22.36822089568155	0.0	197133	2249.9637761906647	0.0	0.3
13013.808649446113	300	24.54929137854561	0.0	154508	1818.929517135936	0.0	0.3
13015.001620404866	300	27.35632041979334	0.0	127064	1192.9709587522705	0.0	0.3
13016.577734499226	300	29.78020632543285	0.0	106819	1576.1140943604903	0.0	0.3
13019.557305918928	300	30.80063490572999	0.0	167782	2979.571419702859	0.0	0.3
13024.236800937833	300	30.121139886825695	0.0	176784	4679.495018904294	0.0	0.3
13027.696516777025	300	30.66142404763432	0.0	127732	3459.715839191375	0.0	0.3
13031.573835102263	300	30.78410572239729	0.0	164342	3877.31832523703	0.0	0.3
13036.86125614303	300	29.496684681629286	0.0	154205	5287.421040768004	0.0	0.3
13042.374209753594	300	27.983731071066238	0.0	158473	5512.953610563046	0.0	0.3
13045.37082619451	300	28.987114630149954	0.0	112467	2996.616440916285	0.0	0.3
13048.48660981197	300	29.871331012690835	0.0	112764	3115.783617459119	0.0	0.3
13052.3218443169	300	30.036096507757378	0.0	139768	3835.2345049334585	0.0	0.3
13054.709835633845	300	31.648105190814576	0.0	109931	2387.991316942802	0.0	0.3
13057.2081742842	300	33.149766540460334	0.0	135932	2498.338650354238	0.0	0.3
13059.005299151399	300	35.352641673260806	0.0	106134	1797.1248671995272	0.0	0.3
13061.00152892937	300	37.35641189528895	0.0	119601	1996.2297779718579	0.0	0.3
13063.677493513049	300	38.680447311608646	0.0	141082	2675.9645836802993	0.0	0.3
13066.913097426603	300	39.44484339805622	0.0	143746	3235.6039135524234	0.0	0.3
13071.515009824358	300	38.842931000300595	0.0	181361	4601.912397755625	0.0	0.3
13072.762422341939	300	41.595518482718575	0.0	154044	1247.4125175820222	0.0	0.3
13074.058830717315	300	44.299110107343054	0.0	183475	1296.408375375522	0.0	0.3
13074.81392537635	300	47.54401544830713	0.0	124205	755.0946590359207	0.0	0.3
13077.556795202523	750	48.801145622133454	0.0	409814	2742.8698261736813	0.45	0.3
13080.488833801572	750	49.86910702308529	0.0	492258	2932.038599048159	0.0	0.75
13082.639362097463	750	51.71857872719324	0.0	321262	2150.528295892054	0.0	0.75
13084.14678721542	750	54.211153609235325	0.0	213933	1507.4251179579144	0.0	0.75
13089.280905512429	1200	53.077035312226705	0.0	734468	5134.118297008625	0.45	0.75
13092.713710533402	1200	53.64423029125427	0.0	566795	3432.805020972435	0.0	1.2
13095.699750777041	1200	54.65819004761495	0.0	536446	2986.0402436393106	0.0	1.2
13099.772877600928	1200	54.58506322372854	0.0	667775	4073.1268238864163	0.0	1.2
13104.871641669288	1850	53.486299155368236	0.0	991562	5098.764068360303	0.65	1.2000000000000002
13112.043009253026	2850	50.31493157163093	0.0	1334468	7171.367583737311	1.0	1.85
13125.191460165359	2850	41.16648065929676	0.0	1691083	13148.450912334172	0.0	2.85
13131.475917067344	2850	38.88202375731295	0.0	1136446	6284.456901983811	0.0	2.85
13141.706008510893	2850	32.65193231376343	0.0	1551103	10230.091443549516	0.0	2.85
13147.415013976255	1850	30.94292684840173	0.0	1086670	5709.005465361704	1.0	0.8500000000000001
13154.849671670552	1850	27.50826915410474	0.0	1079573	7434.657694296989	0.0	1.85
13159.991858290423	1850	26.366082534233517	0.0	903693	5142.186619871229	0.0	1.85
13165.958068383505	1850	24.399872441150478	0.0	956943	5966.2100930830375	0.0	1.85

