8097.958063281806	300	4.0	1.1868236902569977	134752	1186.8236902569977	0.0	-11.568236902569977
8098.856536987924	300	7.101526293882353	0.0	100931	898.473706117648	0.0	0.3
8099.896291949144	300	10.061771332661367	0.0	161324	1039.7549612209857	0.0	0.3
8101.295481017876	300	12.662582263929353	0.0	185986	1399.189068732013	0.0	0.3
8103.284019189165	750	14.67404409264052	0.0	253491	1988.5381712888336	0.45	0.3
8106.168490435315	750	15.789572846490314	0.0	379669	2884.4712461502063	0.0	0.75
8108.341871462397	750	17.616191819409053	0.0	297133	2173.381027081257	0.0	0.75
8110.401385248566	750	19.556678033239166	0.0	254508	2059.5137861698895	0.0	0.75
8114.064261339005	1200	19.89380194280149	0.0	658136	3662.8760904376754	0.45	0.75
8119.674836272684	1850	18.283227009121955	0.0	1052035	5610.574933679536	0.65	1.2000000000000002
8123.281396572401	1850	18.676666709404763	0.0	812467	3606.560299717191	0.0	1.85
8126.896508188527	1850	19.061555093278095	0.0	812764	3615.111616126668	0.0	1.85
8131.680727594264	1850	18.27733568754101	0.0	1098076	4784.219405737085	0.0	1.85
8138.1634781838275	1850	15.794585097977945	0.0	1032887	6482.750589563063	0.0	1.85
8149.746909632591	1850	8.21115364921383	0.0	1068278	11583.431448764115	0.0	1.85
8156.481633794735	1200	5.476429487070586	0.0	650673	6734.724162143245	0.65	0.5499999999999999
8160.919866790624	750	5.038196491181626	0.0	313909	4438.23299588896	0.45	0.3
8162.950665428842	300	7.007397852964614	0.0	158473	2030.7986382170116	0.45	-0.15000000000000002
8164.521077635664	300	9.436985646141856	0.0	112467	1570.4122068227568	0.0	0.3
8166.3855651081685	300	11.572498173637083	0.0	112764	1864.4874725047728	0.0	0.3
8168.656675205956	300	13.301388075849733	0.0	139768	2271.1100977873507	0.0	0.3
8170.60288436764	300	15.35517891416619	0.0	109931	1946.209161683542	0.0	0.3
8173.012382562684	300	16.945680719122475	0.0	135932	2409.498195043713	0.0	0.3
8176.8047269084245	750	17.15333637338175	0.0	359492	3792.344345740725	0.45	0.3
8179.206216478415	750	18.751846803391935	0.0	411585	2401.489569989821	0.0	0.75
8181.722930450647	750	20.23513283115968	0.0	392588	2516.7139722322513	0.0	0.75
8183.418743916602	750	22.539319365205383	0.0	261042	1695.8134659542989	0.0	0.75
8187.884866224763	1200	22.073197057044577	0.0	670437	4466.122308160805	0.45	0.75
8193.334993428185	1850	20.623069853622116	0.0	975109	5450.12720342246	0.65	1.2000000000000002
8199.245091662156	2850	18.712971619651245	0.0	1292588	5910.0982339708735	1.0	1.85
8204.81032580015	2850	17.14773748165751	0.0	1161042	5565.234137993737	0.0	2.85
8213.286114358074	2850	12.671948923734494	0.0	1423747	8475.788557923017	0.0	2.85
8228.48280980363	2850	4.0	2.524746521822628	1270437	15196.695445557121	0.0	-22.39746521822628
8241.379053479126	1850	4.0	8.896243675496587	921262	12896.243675496587	1.0	-88.11243675496587
8248.167504159597	1200	4.0	2.788450680470771	513933	6788.450680470771	0.65	-27.334506804707708
8251.967962506793	750	4.199541652805553	0.0	434468	3800.458347194447	0.45	0.3
8252.983959240524	300	7.183544919072714	0.0	128420	1015.9967337328385	0.45	-0.15000000000000002
8254.389829477479	300	9.777674682119125	0.0	176603	1405.8702369535895	0.0	0.3
8257.145471653917	750	11.02203250568043	0.0	367775	2755.642176438694	0.45	0.3
8259.915683252939	750	12.251820906659058	0.0	391562	2770.211599021374	0.0	0.75
8264.95435473947	1200	11.213149420128362	0.0	682374	5038.671486530695	0.45	0.75
8269.607606614283	1200	10.559897545315668	0.0	504922	4653.251874812694	0.0	1.2
8276.312818056247	1200	7.854686103350484	0.0	639905	6705.211441965183	0.0	1.2
8283.610830046639	1200	4.556674112958911	0.0	777065	7298.011990391573	0.0	1.2
8287.14547906035	750	5.0220250992484505	0.0	486670	3534.64901371046	0.45	0.3
8288.165530257967	300	8.001973901629333	0.0	144037	1020.0511976191173	0.45	-0.15000000000000002
8289.451190779071	300	10.716313380527563	0.0	181068	1285.6605211017709	0.0	0.3
8292.139429637966	750	12.028074521631071	0.0	356943	2688.2388588964914	0.45	0.3

