0
9
16
23
31
38
45
53
60
67
75
82
89
97
104
111
119
126
133
141
148
155
163
170
177
185
192
199
207
214
221
229
236
243
251
258
265
273
280
287
295
302
309
317
324
331
339
346
353
360
368
375
382
390
397
404
412
419
426
434
441
448
456
463
470
478
485
492
500
507
514
522
529
536
544
551
558
566
573
580
588
595
602
610
617
624
632
639
646
654
661
668
676
683
690
697
705
712
719
727
734
741
749
756
763
771
778
785
793
800
807
815
822
829
837
844
851
859
866
873
881
888
895
903
910
917
925
932
939
947
954
961
969
976
983
991
998
1005
1013
1020
1027
1034
1042
1049
1056
1064
1071
1078
1086
1093
1100
1108
1115
1122
1130
1142
1152
1161
1171
1180
1190
1199
1209
1219
1228
1238
1247
1257
1266
1276
1285
1295
1305
1314
1324
1333
1343
1352
1362
1371
1381
1391
1400
1410
1419
1429
1438
1448
1457
1467
1477
1486
1496
1505
1515
1524
1534
1543
1553
1563
1572
1582
1591
1601
1610
1620
1629
1639
1649
1658
1668
1677
1687
1696
1706
1715
1725
1735
1744
1754
1763
1773
1782
1792
1801
1811
1821
1830
1840
1849
1859
1868
1878
1887
1897
1907
1916
1926
1935
1945
1954
1964
1973
1983
1993
2002
2012
2021
2031
2040
2050
2059
2069
2079
2088
2098
2107
2117
2126
2136
2152
2161
2170
2179
2188
2197
2205
2214
2223
2232
2241
2250
2258
2267
2276
2285
2294
2303
2312
2320
2329
2338
2347
2356
2365
2373
2382
2391
2400
2409
2418
2426
2435
2444
2453
2462
2471
2480
2488
2497
2506
2515
2524
2533
2541
2550
2559
2568
2577
2586
2594
2603
2612
2621
2630
2639
2648
2656
2665
2674
2683
2692
2701
2709
2718
2727
2736
2745
2754
2762
2771
2780
2789
2798
2807
2816
2824
2833
2842
2851
2860
2869
2877
2886
2895
2904
2913
2922
2930
2939
2948
2957
2966
2975
2984
2992
3001
3010
3019
3028
3037
3045
3054
3063
3072
3081
3090
3098
3107
3116
3125
3134
3143
3152
3197
3242
3286
3331
3376
3420
3465
3509
3554
3599
3643
3688
3732
3777
3822
3866
3911
3956
4000
4045
4089
4134
4179
4223
4263
4270
4277
4283
4290
4297
4304
4310
4317
4324
4331
4337
4344
4351
4358
4364
4371
4378
4385
4391
4398
4405
4412
4418
4425
4432
4439
4445
4452
4459
4466
4472
4479
4486
4493
4499
4506
4513
4520
4526
4533
4540
4547
4553
4560
4567
4574
4580
4587
4594
4601
4607
4614
4621
4628
4634
4641
4648
4655
4661
4668
4675
4682
4688
4695
4702
4708
4715
4722
4729
4735
4742
4749
4756
4762
4769
4776
4783
4789
4796
4803
4810
4816
4823
4830
4837
4843
4850
4857
4864
4870
4877
4884
4891
4897
4904
4911
4918
4924
4931
4938
4945
4951
4958
4965
4972
4978
4985
4992
4999
5005
5012
5019
5026
5032
5039
5046
5053
5059
5066
5073
5080
5086
5093
5100
5107
5113
5120
5127
5133
5140
5147
5154
5160
5167
5174
5181
5187
5194
5201
5208
5214
5221
5228
5235
5241
5248
5255
5262
5271
5276
5282
5287
5292
5298
5303
5308
5314
5319
5324
5330
5335
5340
5346
5351
5357
5362
5367
5373
5378
5383
5389
5394
5399
5405
5410
5415
5421
5426
5431
5437
5442
5448
5453
5458
5464
5469
5474
5480
5485
5490
5496
5501
5506
5512
5517
5522
5528
5533
5539
5544
5549
5555
5560
5565
5571
5576
5581
5587
5592
5597
5603
5608
5614
5619
5624
5630
5635
5640
5646
5651
5656
5662
5667
5672
5678
5683
5688
5694
5699
5705
5710
5715
5721
5726
5731
5737
5742
5747
5753
5758
5763
5769
5774
5779
5785
5790
5796
5801
5806
5812
5817
5822
5828
5833
5838
5844
5849
5854
5860
5865
5870
5876
5881
5887
5892
5897
5903
5908
5913
5919
5924
5929
5935
5940
5945
5951
5956
5962
5967
5972
5978
5983
5988
5994
5999
6004
6010
6015
6020
6026
6031
6036
6042
6047
6053
6058
6063
6069
6074
6079
6085
6090
6095
6101
6106
6111
6117
6122
6127
6133
6138
6144
6149
6154
6160
6165
6170
6176
6181
6186
6192
6197
6202
6208
6213
6218
6224
6229
6235
6240
6245
6251
6256
6261
6267
6284
6300
6316
6332
6348
6364
6380
6396
6412
6428
6444
6461
6477
6493
6509
6525
6541
6557
6573
6589
6605
6621
6638
6654
6670
6686
6702
6718
6734
6750
6766
6782
6798
6815
6831
6847
6863
6879
6895
6911
6927
6943
6959
6975
6992
7008
7024
7040
7056
7072
7088
7104
7120
7136
7152
7169
7185
7201
7217
7233
7249
7265
7281
7317
7347
7377
7407
7438
7468
7498
7528
7559
7589
7619
7649
7679
7710
7740
7770
7800
7831
7861
7891
7921
7952
7982
8012
8042
8072
8103
8133
8163
8193
8224
8254
8284
8329
8352
8374
8397
8420
8442
8465
8487
8510
8533
8555
8578
8600
8623
8646
8668
8691
8713
8736
8759
8781
8804
8826
8849
8872
8894
8917
8939
8962
8985
9007
9030
9052
9075
9098
9120
9143
9165
9188
9211
9233
9256
9278
9301
9335
9352
9369
9387
9404
9421
9439
9456
9473
9491
9508
9525
9542
9560
9577
9594
9612
9629
9646
9664
9681
9698
9715
9733
9750
9767
9785
9802
9819
9837
9854
9871
9889
9906
9923
9940
9958
9975
9992
10010
10027
10044
10062
10079
10096
10113
10131
10148
10165
10183
10200
10217
10235
10252
10269
10287
10304
10321
10362
10396
10430
10464
10498
10532
10566
10600
10634
10668
10702
10736
10770
10804
10838
10873
10907
10941
10975
11009
11043
11077
11111
11145
11179
11213
11247
11281
11315
11368
11389
11410
11430
11451
11472
11492
11513
11534
11555
11575
11596
11617
11637
11658
11679
11700
11720
11741
11762
11782
11803
11824
11845
11865
11886
11907
11927
11948
11969
11990
12010
12031
12052
12072
12093
12114
12135
12155
12176
12197
12217
12238
12259
12280
12300
12321
12342
12362
12486
12605
12723
12842
12961
13079
13198
13317
13435
13464
13479
13494
13509
13524
13539
13554
13569
13584
13599
13614
13629
13644
13659
13674
13689
13704
13719
13734
13749
13764
13779
13794
13809
13823
13838
13853
13868
13883
13898
13913
13928
13943
13958
13973
13988
14003
14018
14033
14048
14063
14078
14093
14108
14123
14138
14153
14168
14183
14197
14212
14227
14242
14257
14272
14287
14302
14317
14332
14347
14362
14377
14392
14407
14422
14437
14452
14467
14482
14497
14512
14527
14542
14557
14571
14586
14601
14616
14631
14646
14661
14676
14691
14706
14721
14736
14751
14766
14781
14796
14811
14826
14841
14856
14871
14886
14921
14944
14966
14989
15012
15034
15057
15080
15102
15125
15148
15170
15193
15216
15238
15261
15283
15306
15329
15351
15374
15397
15419
15442
15465
15487
15510
15533
15555
15578
15601
15623
15646
15668
15691
15714
15736
15759
15782
15804
15827
15850
15872
15895
15938
15965
15992
16019
16047
16074
16101
16128
16156
16183
16210
16237
16264
16292
16319
16346
16373
16401
16428
16455
16482
16509
16537
16564
16591
16618
16646
16673
16700
16727
16754
16782
16809
16836
16863
16891
16918
16960
16990
17020
17051
17081
17111
17142
17172
17202
17232
17263
17293
17323
17354
17384
17414
17444
17475
17505
17535
17566
17596
17626
17656
17687
17717
17747
17778
17808
17838
17868
17899
17929
18047
18143
18239
18335
18431
18527
18623
18718
18814
18910
18989
19025
19061
19097
19133
19169
19205
19241
19277
19313
19349
19385
19421
19457
19493
19529
19565
19601
19637
19673
19709
19745
19781
19817
19853
19889
19925
19961
19996
20021
20046
20071
20096
20122
20147
20172
20197
20222
20247
20273
20298
20323
20348
20373
20398
20424
20449
20474
20499
20524
20549
20575
20600
20625
20650
20675
20700
20726
20751
20776
20801
20826
20851
20877
20902
20927
20952
20977
21005
21028
21051
21075
21098
21121
21145
21168
21191
21215
21238
21261
21285
21308
21331
21355
21378
21401
21425
21448
21471
21495
21518
21541
21565
21588
21611
21635
21658
21681
21705
21728
21751
21774
21798
21821
21844
21868
21891
21914
21938
21961
21984
22033
22064
22095
22126
22157
22188
22219
22250
22281
22312
22343
22374
22405
22436
22467
22498
22529
22560
22591
22622
22653
22684
22715
22746
22777
22808
22839
22870
22901
22932
22963
22994
23039
23064
23089
23114
23139
23165
23190
23215
23240
23265
23290
23316
23341
23366
23391
23416
23441
23467
23492
23517
23542
23567
23592
23618
23643
23668
23693
23718
23743
23769
23794
23819
23844
23869
23894
23920
23945
23970
23995
24020
24048
24073
24097
24122
24147
24171
24196
24220
24245
24270
24294
24319
24343
24368
24393
24417
24442
24466
24491
24516
24540
24565
24590
24614
24639
24663
24688
24713
24737
24762
24786
24811
24836
24860
24885
24909
24934
24959
24983
25008
25033
25091
25147
25204
25260
25316
25373
25429
25486
25542
25598
25655
25711
25768
25824
25880
25937
25993
26050
26106
26225
26336
26446
26557
26668
26778
26889
27000
27110
27221
27256
27286
27316
27346
27377
27407
27437
27467
27498
27528
27558
27588
27618
27649
27679
27709
27739
27770
27800
27830
27860
27891
27921
27951
27981
28011
28042
28072
28102
28132
28163
28193
28223
28282
28319
28356
28393
28430
28467
28504
28541
28577
28614
28651
28688
28725
28762
28799
28836
28872
28909
28946
28983
29020
29057
29094
29131
29167
29204
29241
29288
29321
29354
29387
29420
29453
29486
29519
29552
29584
29617
29650
29683
29716
29749
29782
29815
29848
29880
29913
29946
29979
30012
30045
30078
30111
30144
30177
30209
30242
30275
30365
30454
30543
30632
30721
30810
30899
30988
31077
31166
31255
31338
31388
31437
31487
31536
31586
31635
31685
31734
31784
31833
31883
31932
31982
32031
32081
32131
32180
32230
32279
32370
32413
32455
32498
32540
32583
32625
32668
32710
32753
32796
32838
32881
32923
32966
33008
33051
33093
33136
33179
33221
33264
33306
33357
33377
33397
33417
33437
33457
33477
33497
33517
33537
33557
33577
33597
33617
33637
33657
33677
33697
33717
33737
33757
33777
33797
33817
33837
33857
33877
33897
33917
33937
33957
33977
33997
34017
34037
34057
34077
34096
34116
34136
34156
34176
34196
34216
34236
34256
34276
34296
34316
34336
34369
34387
34405
34423
34441
34459
34477
34495
34513
34532
34550
34568
34586
34604
34622
34640
34658
34676
34695
34713
34731
34749
34767
34785
34803
34821
34839
34857
34876
34894
34912
34930
34948
34966
34984
35002
35020
35039
35057
35075
35093
35111
35129
35147
35165
35183
35202
35220
35238
35256
35274
35292
35310
35328
35346
35364
35383
35401
35419
35437
35457
35476
35495
35513
35532
35551
35570
35588
35607
35626
35645
35663
35682
35701
35720
35738
35757
35776
35795
35813
35832
35851
35870
35888
35907
35926
35944
35963
35982
36001
36019
36038
36057
36076
36094
36113
36132
36151
36169
36188
36207
36226
36244
36263
36282
36301
36319
36338
36357
36376
36394
36413
36432
36450
36469
36488
36507
36525
36544
36563
36631
36681
36731
36781
36831
36881
36931
36981
37031
37081
37131
37181
37231
37281
37331
37381
37431
37482
37532
37582
37695
37759
37823
37887
37951
38015
38079
38143
38207
38271
38335
38399
38463
38527
38591
38655
38719
38783
38879
38937
38996
39054
39112
39171
39229
39287
39346
39404
39462
39521
39579
39637
39696
39754
39812
39897
39963
40028
40094
40160
40225
40291
40357
40422
40488
40554
40619
40685
40751
40816
40882
40948
41013
41079
41145
41236
41271
41306
41341
41376
41411
41446
41481
41516
41551
41586
41621
41656
41691
41726
41761
41796
41831
41866
41901
41935
41970
42005
42040
42075
42110
42145
42180
42215
42305
42388
42471
42555
42638
42721
42805
42888
42971
43054
43138
43221
43260
43287
43314
43341
43368
43395
43422
43449
43476
43503
43530
43557
43584
43611
43638
43665
43692
43719
43746
43773
43800
43827
43854
43881
43908
43935
43962
43989
44016
44043
44070
44097
44124
44151
44178
44205
44232
44272
44301
44331
44360
44390
44419
44449
44478
44508
44537
44567
44596
44626
44655
44685
44714
44744
44773
44803
44832
44862
44891
44921
44950
44979
45009
45038
45068
45097
45127
45156
45186
45215
45245
45272
45290
45308
45326
45344
45362
45380
45398
45416
45434
45453
45471
45489
45507
45525
45543
45561
45579
45597
45615
45634
45652
45670
45688
45706
45724
45742
45760
45778
45796
45815
45833
45851
45869
45887
45905
45923
45941
45959
45977
45996
46014
46032
46050
46068
46086
46104
46122
46140
46158
46177
46195
46213
46231
46249
46307
46359
46411
46463
46515
46567
46619
46670
46722
46774
46826
46878
46930
46982
47034
47085
47137
47189
47241
47293
47323
47350
47377
47404
47431
47458
47485
47512
47539
47566
47593
47620
47647
47674
47702
47729
47756
47783
47810
47837
47864
47891
47918
47945
47972
47999
48026
48053
48081
48108
48135
48162
48189
48216
48243
48270
48297
48324
48351
48393
48410
48428
48445
48463
48480
48498
48515
48533
48550
48568
48585
48603
48620
48637
48655
48672
48690
48707
48725
48742
48760
48777
48795
48812
48830
48847
48865
48882
48899
48917
48934
48952
48969
48987
49004
49022
49039
49057
49074
49092
49109
49127
49144
49161
49179
49196
49214
49231
49249
49266
49284
49301
49319
49336
49354
49371
49389
49417
49439
49462
49484
49507
49529
49552
49574
49597
49619
49642
49664
49687
49709
49732
49754
49777
49799
49822
49844
49866
49889
49911
49934
49956
49979
50001
50024
50046
50069
50091
50114
50136
50159
50181
50204
50226
50249
50271
50293
50316
50338
50361
50383
50427
50448
50470
50491
50512
50534
50555
50577
50598
50619
50641
50662
50683
50705
50726
50748
50769
50790
50812
50833
50854
50876
50897
50919
50940
50961
50983
51004
51025
51047
51068
51090
51111
51132
51154
51175
51196
51218
51239
51261
51282
51303
51325
51346
51367
51389
51410
51432
51460
51475
51490
51505
51520
51534
51549
51564
51579
51594
51608
51623
51638
51653
51668
51682
51697
51712
51727
51742
51756
51771
51786
51801
51816
51830
51845
51860
51875
51890
51905
51919
51934
51949
51964
51979
51993
52008
52023
52038
52053
52067
52082
52097
52112
52127
52141
52156
52171
52186
52201
52215
52230
52245
52260
52275
52290
52304
52319
52334
52349
52364
52378
52393
52408
52423
52438
52452
52475
52493
52510
52528
52545
52563
52581
52598
52616
52633
52651
52668
52686
52704
52721
52739
52756
52774
52792
52809
52827
52844
52862
52879
52897
52915
52932
52950
52967
52985
53003
53020
53038
53055
53073
53090
53108
53126
53143
53161
53178
53196
53213
53231
53249
53266
53284
53301
53319
53337
53354
53372
53389
53407
53424
53442
53460
53477
53495
53512
53530
53543
53556
53569
53582
53595
53608
53621
53634
53647
53660
53673
53686
53699
53712
53725
53738
53751
53764
53777
53790
53803
53816
53829
53842
53855
53868
53881
53894
53907
53920
53933
53946
53959
53972
53985
53998
54011
54024
54037
54050
54063
54076
54089
54102
54115
54128
54141
54154
54167
54180
54193
54206
54219
54232
54245
54258
54271
54284
54297
54310
54323
54336
54349
54362
54375
54388
54401
54414
54427
54440
54453
54466
54479
54492
54504
54517
54535
54550
54565
54580
54595
54610
54625
54640
54655
54670
54685
54700
54715
54731
54746
54761
54776
54791
54806
54821
54836
54851
54866
54881
54896
54911
54927
54942
54957
54972
54987
55002
55017
55032
55047
55062
55077
55092
55107
55122
55138
55153
55168
55183
55198
55213
55228
55243
55258
55273
55288
55303
55318
55334
55349
55364
55379
55394
55409
55424
55439
55454
55469
55484
55499
55514
55529
55562
55595
55628
55661
55693
55726
55759
55792
55824
55857
55890
55923
55955
55988
56021
56054
56086
56119
56152
56185
56217
56250
56283
56316
56348
56381
56414
56447
56480
56512
56545
56566
56584
56601
56619
56636
56654
56672
56689
56707
56724
56742
56759
56777
56795
56812
56830
56847
56865
56882
56900
56918
56935
56953
56970
56988
57005
57023
57041
57058
57076
57093
57111
57128
57146
57164
57181
57199
57216
57234
57251
57269
57287
57304
57322
57339
57357
57374
57392
57410
57427
57445
57462
57480
57497
57515
57533
57550
57568
57585
57603
57621
57638
57656
57673
57709
57739
57769
57799
57829
57859
57889
57919
57949
57979
58009
58039
58069
58099
58129
58159
58189
58218
58248
58278
58308
58338
58368
58398
58428
58458
58488
58518
58548
58578
58608
58638
58668
58698
58727
58757
58787
58817
58847
58877
58907
58937
58967
58997
59027
59057
59087
59112
59124
59136
59148
59160
59172
59183
59195
59207
59219
59231
59243
59255
59266
59278
59290
59302
59314
59326
59338
59349
59361
59373
59385
59397
59409
59420
59432
59444
59456
59468
59480
59492
59503
59515
59527
59539
59551
59563
59575
59586
59598
59610
59622
59634
59646
59657
59669
59681
59693
59705
59717
59729
59740
59752
59764
59776
59788
59800
59812
59823
59835
59847
59859
59871
59883
59895
59906
59918
59930
59942
59954
59966
59977
59989
60001
60013
60025
60037
60049
60060
60072
60084
60096
60108
60162
60213
60263
60314
60365
60415
60466
60517
60567
60618
60668
60719
60770
60820
60871
60922
60972
61023
61073
61124
61185
61198
61211
61224
61237
61250
61263
61276
61289
61302
61315
61328
61342
61355
61368
61381
61394
61407
61420
61433
61446
61459
61472
61485
61499
61512
61525
61538
61551
61564
61577
61590
61603
61616
61629
61642
61655
61669
61682
61695
61708
61721
61734
61747
61760
61773
61786
61799
61812
61826
61839
61852
61865
61878
61891
61904
61917
61930
61943
61956
61969
61983
61996
62009
62022
62035
62048
62061
62074
62087
62100
62113
62126
62139
62153
62166
62179
62208
62235
62262
62288
62315
62342
62368
62395
62422
62448
62475
62502
62528
62555
62582
62608
62635
62662
62688
62715
62742
62769
62795
62822
62849
62875
62902
62929
62955
62982
63009
63035
63062
63089
63115
63142
63169
63195
63219
63236
63253
63270
63287
63305
63322
63339
63356
63373
63391
63408
63425
63442
63459
63476
63494
63511
63528
63545
63562
63580
63597
63614
63631
63648
63665
63683
63700
63717
63734
63751
63769
63786
63803
63820
63837
63854
63872
63889
63906
63923
63940
63958
63975
63992
64009
64026
64043
64061
64078
64095
64112
64129
64147
64164
64181
64198
64213
64222
64231
64240
64250
64259
64268
64277
64286
64296
64305
64314
64323
64332
64342
64351
64360
64369
64378
64388
64397
64406
64415
64424
64434
64443
64452
64461
64471
64480
64489
64498
64507
64517
64526
64535
64544
64553
64563
64572
64581
64590
64599
64609
64618
64627
64636
64645
64655
64664
64673
64682
64691
64701
64710
64719
64728
64738
64747
64756
64765
64774
64784
64793
64802
64811
64820
64830
64839
64848
64857
64866
64876
64885
64894
64903
64912
64922
64931
64940
64949
64958
64968
64977
64986
64995
65005
65014
65023
65032
65041
65051
65060
65069
65078
65087
65097
65106
65115
65124
65133
65143
65152
65161
65170
65179
65189
65198
65207
65230
65247
65264
65281
65298
65315
65332
65348
65365
65382
65399
65416
65433
65450
65467
65483
65500
65517
65534
65551
65568
65585
65602
65618
65635
65652
65669
65686
65703
65720
65737
65753
65770
65787
65804
65821
65838
65855
65871
65888
65905
65922
65939
65956
65973
65990
66006
66023
66040
66057
66074
66091
66108
66125
66141
66158
66175
66192
66209
66236
66249
66261
66274
66286
66299
66311
66324
66336
66349
66361
66374
66386
66399
66412
66424
66437
66449
66462
66474
66487
66499
66512
66524
66537
66549
66562
66574
66587
66600
66612
66625
66637
66650
66662
66675
66687
66700
66712
66725
66737
66750
66762
66775
66788
66800
66813
66825
66838
66850
66863
66875
66888
66900
66913
66925
66938
66950
66963
66976
66988
67001
67013
67026
67038
67051
67063
67076
67088
67101
67113
67126
67139
67151
67164
67176
67189
67201
67214
67226
67239
67262
67278
67295
67311
67328
67344
67361
67377
67394
67410
67427
67443
67460
67476
67493
67509
67526
67542
67559
67575
67592
67608
67625
67641
67658
67674
67691
67707
67724
67740
67757
67773
67790
67806
67823
67839
67856
67872
67889
67905
67922
67938
67955
67971
67988
68004
68021
68037
68054
68070
68087
68103
68120
68136
68153
68169
68186
68202
68218
68235
68251
68280
68294
68308
68322
68336
68350
68364
68378
68392
68406
68420
68434
68448
68462
68476
68490
68504
68518
68532
68546
68560
68574
68588
68602
68616
68630
68644
68658
68672
68686
68700
68714
68728
68742
68756
68770
68784
68798
68812
68826
68840
68854
68868
68882
68896
68910
68924
68939
68953
68967
68981
68995
69009
69023
69037
69051
69065
69079
69093
69107
69121
69135
69149
69163
69177
69191
69205
69219
69233
69247
69261
69275
69289
69302
69316
69329
69343
69356
69370
69383
69397
69410
69424
69437
69451
69464
69478
69491
69505
69518
69532
69545
69558
69572
69585
69599
69612
69626
69639
69653
69666
69680
69693
69707
69720
69734
69747
69761
69774
69788
69801
69814
69828
69841
69855
69868
69882
69895
69909
69922
69936
69949
69963
69976
69990
70003
70017
70030
70044
70057
70071
70084
70097
70111
70124
70138
70151
70165
70178
70192
70205
70219
70232
70246
70259
70273
70286
70312
70329
70345
70362
70379
70395
70412
70429
70445
70462
70479
70495
70512
70528
70545
70562
70578
70595
70612
70628
70645
70662
70678
70695
70711
70728
70745
70761
70778
70795
70811
70828
70845
70861
70878
70894
70911
70928
70944
70961
70978
70994
71011
71028
71044
71061
71077
71094
71111
71127
71144
71161
71177
71194
71211
71227
71244
71260
71277
71294
71310
71327
71344
71360
71377
71394
71410
71427
71443
71460
71477
71493
71510
71527
71543
71560
71577
71593
71610
71626
71643
71660
71676
71693
71721
71735
71749
71763
71777
71791
71805
71819
71833
71847
71861
71875
71889
71903
71917
71931
71944
71958
71972
71986
72000
72014
72028
72042
72056
72070
72084
72098
72112
72126
72140
72154
72168
72181
72195
72209
72223
72237
72251
72265
72279
72293
72307
72321
72335
72349
72363
72377
72391
72405
72418
72432
72446
72460
72474
72488
72502
72516
72530
72544
72558
72572
72586
72600
72614
72628
72642
72655
72669
72683
72697
72711
72725
72739
72753
72767
72781
72795
72809
72823
72843
72850
72857
72864
72871
72877
72884
72891
72898
72905
72911
72918
72925
72932
72939
72946
72952
72959
72966
72973
72980
72986
72993
73000
73007
73014
73021
73027
73034
73041
73048
73055
73061
73068
73075
73082
73089
73096
73102
73109
73116
73123
73130
73136
73143
73150
73157
73164
73171
73177
73184
73191
73198
73205
73211
73218
73225
73232
73239
73246
73252
73259
73266
73273
73280
73286
73293
73300
73307
73314
73321
73327
73334
73341
73348
73355
73361
73368
73375
73382
73389
73396
73402
73409
73416
73423
73430
73436
73443
73450
73457
73464
73471
73477
73484
73491
73498
73505
73511
73518
73525
73532
73539
73546
73552
73559
73566
73573
73580
73586
73593
73600
73607
73614
73621
73627
73634
73641
73648
73655
73661
73668
73675
73682
73689
73696
73702
73709
73716
73723
73730
73736
73743
73750
73757
73764
73771
73777
73784
73791
73798
73805
73811
73818
73825
73832
73839
73846
73852
73859
73866
73873
73880
73886
73893
73900
73907
73914
73921
73927
73934
73941
73953
73961
73969
73977
73985
73993
74000
74008
74016
74024
74032
74040
74048
74055
74063
74071
74079
74087
74095
74103
74110
74118
74126
74134
74142
74150
74158
74165
74173
74181
74189
74197
74205
74212
74220
74228
74236
74244
74252
74260
74267
74275
74283
74291
74299
74307
74315
74322
74330
74338
74346
74354
74362
74370
74377
74385
74393
74401
74409
74417
74425
74432
74440
74448
74456
74464
74472
74479
74487
74495
74503
74511
74519
74527
74534
74542
74550
74558
74566
74574
74582
74589
74597
74605
74613
74621
74629
74637
74644
74652
74660
74668
74676
74684
74692
74699
74707
74715
74723
74731
74739
74746
74754
74762
74770
74778
74786
74794
74801
74809
74817
74825
74833
74841
74849
74856
74864
74872
74880
74888
74896
74904
74911
74919
74927
74935
74943
74952
74958
74963
74969
74974
74980
74985
74991
74997
75002
75008
75013
75019
75024
75030
75035
75041
75047
75052
75058
75063
75069
75074
75080
75086
75091
75097
75102
75108
75113
75119
75124
75130
75136
75141
75147
75152
75158
75163
75169
75175
75180
75186
75191
75197
75202
75208
75213
75219
75225
75230
75236
75241
75247
75252
75258
75264
75269
75275
75280
75286
75291
75297
75302
75308
75314
75319
75325
75330
75336
75341
75347
75353
75358
75364
75369
75375
75380
75386
75391
75397
75403
75408
75414
75419
75425
75430
75436
75442
75447
75453
75458
75464
75469
75475
75480
75486
75492
75497
75503
75508
75514
75519
75525
75531
75536
75542
75547
75553
75558
75564
75569
75575
75581
75586
75592
75597
75603
75608
75614
75620
75625
75631
75636
75642
75647
75653
75658
75664
75670
75675
75681
75686
75692
75697
75703
75709
75714
75720
75725
75731
75736
75742
75747
75753
75759
75764
75770
75775
75781
75786
75792
75798
75803
75809
75814
75820
75825
75831
75836
75842
75848
75853
75859
75864
75870
75875
75881
75887
75892
75898
75903
75909
75914
75920
75925
75931
75937
75942
75948
75956
75964
75972
75979
75987
75995
76002
76010
76018
76025
76033
76041
76048
76056
76064
76071
76079
76087
76095
76102
76110
76118
76125
76133
76141
76148
76156
76164
76171
76179
76187
76194
76202
76210
76217
76225
76233
76241
76248
76256
76264
76271
76279
76287
76294
76302
76310
76317
76325
76333
76340
76348
76356
76363
76371
76379
76387
76394
76402
76410
76417
76425
76433
76440
76448
76456
76463
76471
76479
76486
76494
76502
76510
76517
76525
76533
76540
76548
76556
76563
76571
76579
76586
76594
76602
76609
76617
76625
76632
76640
76648
76656
76663
76671
76679
76686
76694
76702
76709
76717
76725
76732
76740
76748
76755
76763
76771
76778
76786
76794
76802
76809
76817
76825
76832
76840
76848
76855
76863
76871
76878
76886
76894
76901
76909
76917
76924
76932
76940
76948
76955
76963
76985
77003
77021
77039
77057
77075
77093
77111
77129
77147
77165
77183
77201
77219
77237
77255
77273
77291
77308
77326
77344
77362
77380
77398
77416
77434
77452
77470
77488
77506
77524
77542
77560
77578
77596
77614
77631
77649
77667
77685
77703
77721
77739
77757
77775
77793
77811
77829
77847
77865
77883
77901
77919
77937
77955
77972
77989
78000
78012
78023
78035
78046
78058
78069
78080
78092
78103
78115
78126
78138
78149
78160
78172
78183
78195
78206
78218
78229
78240
78252
78263
78275
78286
78298
78309
78320
78332
78343
78355
78366
78378
78389
78401
78412
78423
78435
78446
78458
78469
78481
78492
78503
78515
78526
78538
78549
78561
78572
78583
78595
78606
78618
78629
78641
78652
78663
78675
78686
78698
78709
78721
78732
78744
78755
78766
78778
78789
78801
78812
78824
78835
78846
78858
78869
78881
78892
78904
78915
78926
78938
78949
78961
78972
78994
79008
79022
79036
79051
79065
79079
79093
79108
79122
79136
79150
79165
79179
79193
79207
79222
79236
79250
79264
79279
79293
79307
79321
79336
79350
79364
79378
79393
79407
79421
79435
79450
79464
79478
79492
79506
79521
79535
79549
79563
79578
79592
79606
79620
79635
79649
79663
79677
79692
79706
79720
79734
79749
79763
79777
79791
79806
79820
79834
79848
79863
79877
79891
79905
79920
79934
79948
79962
79977
80007
80025
80043
80061
80078
80096
80114
80132
80149
80167
80185
80203
80221
80238
80256
80274
80292
80309
80327
80345
80363
80381
80398
80416
80434
80452
80469
80487
80505
80523
80541
80558
80576
80594
80612
80629
80647
80665
80683
80701
80718
80736
80754
80772
80789
80807
80825
80843
80861
80878
80896
80914
80932
80949
80967
80985
81003
81037
81054
81072
81089
81107
81124
81142
81159
81177
81194
81212
81229
81247
81264
81282
81299
81317
81334
81352
81369
81387
81404
81422
81439
81457
81474
81492
81509
81527
81544
81562
81579
81597
81614
81632
81649
81667
81684
81702
81719
81737
81754
81772
81789
81807
81824
81842
81859
81877
81894
81912
81929
81947
81964
81982
81999
82017
82034
82053
82065
82077
82089
82100
82112
82124
82136
82147
82159
82171
82183
82195
82206
82218
82230
82242
82253
82265
82277
82289
82301
82312
82324
82336
82348
82359
82371
82383
82395
82406
82418
82430
82442
82454
82465
82477
82489
82501
82512
82524
82536
82548
82560
82571
82583
82595
82607
82618
82630
82642
82654
82666
82677
82689
82701
82713
82724
82736
82748
82760
82771
82783
82795
82807
82819
82830
82842
82854
82866
82877
82889
82901
82913
82925
82936
82948
82960
82972
82983
82995
83007
83019
83031
83042
83067
83082
83098
83113
83128
83144
83159
83175
83190
83205
83221
83236
83252
83267
83282
83298
83313
83329
83344
83359
83375
83390
83406
83421
83436
83452
83467
83483
83498
83513
83529
83544
83560
83575
83590
83606
83621
83637
83652
83667
83683
83698
83714
83729
83744
83760
83775
83791
83806
83821
83837
83852
83867
83883
83898
83914
83929
83944
83960
83975
83991
84006
84021
84037
84052
84068
84083
84098
84114
84129
84145
84160
84175
84191
84206
84222
84237
84252
84268
84283
84299
84311
84321
84330
84340
84349
84359
84368
84378
84387
84397
84406
84416
84426
84435
84445
84454
84464
84473
84483
84492
84502
84511
84521
84531
84540
84550
84559
84569
84578
84588
84597
84607
84616
84626
84636
84645
84655
84664
84674
84683
84693
84702
84712
84721
84731
84741
84750
84760
84769
84779
84788
84798
84807
84817
84826
84836
84846
84855
84865
84874
84884
84893
84903
84912
84922
84931
84941
84951
84960
84970
84979
84989
84998
85008
85017
85027
85036
85046
85055
85065
85075
85084
85094
85103
85113
85122
85132
85141
85151
85160
85170
85180
85189
85199
85208
85218
85227
85237
85246
85256
85265
85275
85285
85294
85336
85368
85401
85433
85466
85498
85531
85563
85596
85628
85661
85693
85726
85758
85791
85823
85856
85888
85921
85953
85986
86018
86051
86083
86116
86148
86180
86213
86245
86278
86310
86359
86396
86432
86469
86505
86542
86579
86615
86652
86688
86725
86762
86798
86835
86871
86908
86944
86981
87018
87054
87091
87127
87164
87201
87237
87274
87310
87332
87339
87346
87353
87360
87367
87374
87382
87389
87396
87403
87410
87417
87424
87431
87439
87446
87453
87460
87467
87474
87481
87489
87496
87503
87510
87517
87524
87531
87538
87546
87553
87560
87567
87574
87581
87588
87596
87603
87610
87617
87624
87631
87638
87645
87653
87660
87667
87674
87681
87688
87695
87703
87710
87717
87724
87731
87738
87745
87752
87760
87767
87774
87781
87788
87795
87802
87810
87817
87824
87831
87838
87845
87852
87859
87867
87874
87881
87888
87895
87902
87909
87917
87924
87931
87938
87945
87952
87959
87966
87974
87981
87988
87995
88002
88009
88016
88024
88031
88038
88045
88052
88059
88066
88073
88081
88088
88095
88102
88109
88116
88123
88131
88138
88145
88152
88159
88166
88173
88180
88188
88195
88202
88209
88216
88223
88230
88238
88245
88252
88259
88266
88273
88280
88287
88295
88302
88309
88316
88323
88330
88337
88345
88352
88359
88366
88373
88380
88385
88390
88395
88400
88406
88411
88416
88421
88426
88432
88437
88442
88447
88452
88458
88463
88468
88473
88478
88483
88489
88494
88499
88504
88509
88515
88520
88525
88530
88535
88541
88546
88551
88556
88561
88566
88572
88577
88582
88587
88592
88598
88603
88608
88613
88618
88624
88629
88634
88639
88644
88649
88655
88660
88665
88670
88675
88681
88686
88691
88696
88701
88707
88712
88717
88722
88727
88732
88738
88743
88748
88753
88758
88764
88769
88774
88779
88784
88790
88795
88800
88805
88810
88815
88821
88826
88831
88836
88841
88847
88852
88857
88862
88867
88873
88878
88883
88888
88893
88898
88904
88909
88914
88919
88924
88930
88935
88940
88945
88950
88956
88961
88966
88971
88976
88982
88987
88992
88997
89002
89007
89013
89018
89023
89028
89033
89039
89044
89049
89054
89059
89065
89070
89075
89080
89085
89090
89096
89101
89106
89111
89116
89122
89127
89132
89137
89142
89148
89153
89158
89163
89168
89173
89179
89184
89189
89194
89199
89205
89210
89215
89220
89225
89231
89236
89241
89246
89251
89256
89262
89267
89272
89277
89282
89288
89293
89298
89303
89308
89314
89319
89324
89329
89334
89339
89345
89350
89355
89360
89365
89371
89376
89381
89386
89391
89397
89402
89407
89412
89417
89422
89428
89433
89438
89443
89448
89454
89459
89464
89469
89474
89480
89485
89490
89495
89500
89505
89511
89516
89521
89530
89534
89538
89542
89546
89550
89554
89558
89562
89566
89570
89574
89578
89582
89586
89590
89594
89598
89602
89606
89610
89614
89618
89622
89626
89630
89634
89638
89642
89646
89650
89654
89658
89662
89666
89670
89674
89678
89682
89686
89690
89694
89698
89702
89706
89710
89714
89718
89722
89726
89730
89734
89738
89742
89747
89751
89755
89759
89763
89767
89771
89775
89779
89783
89787
89791
89795
89799
89803
89807
89811
89815
89819
89823
89827
89831
89835
89839
89843
89847
89851
89855
89859
89863
89867
89871
89875
89879
89883
89887
89891
89895
89899
89903
89907
89911
89915
89919
89923
89927
89931
89935
89939
89943
89947
89951
89955
89959
89963
89968
89972
89976
89980
89984
89988
89992
89996
90000
90004
90008
90012
90016
90020
90024
90028
90032
90036
90040
90044
90048
90052
90056
90060
90064
90068
90072
90076
90080
90084
90088
90092
90096
90100
90104
90108
90112
90116
90120
90124
90128
90132
90136
90140
90144
90148
90152
90156
90160
90164
90168
90172
90176
90180
90184
90189
90193
90197
90201
90205
90209
90213
90217
90221
90225
90229
90233
90237
90241
90245
90249
90253
90257
90261
90265
90269
90273
90277
90281
90285
90289
90293
90297
90301
90305
90309
90313
90317
90321
90325
90329
90333
90337
90341
90345
90349
90353
90357
90361
90365
90369
90373
90377
90381
90385
90389
90393
90397
90401
90405
90410
90414
90418
90422
90426
90430
90434
90438
90442
90446
90450
90454
90458
90462
90466
90470
90474
90478
90482
90486
90490
90494
90498
90502
90506
90510
90514
90518
90522
90526
90530
90534
90538
90542
90546
90550
90554
90558
90562
90566
90570
90574
90578
90582
90589
90593
90596
90600
90604
90607
90611
90615
90618
90622
90625
90629
90633
90636
90640
90644
90647
90651
90654
90658
90662
90665
90669
90673
90676
90680
90684
90687
90691
90694
90698
90702
90705
90709
90713
90716
90720
90723
90727
90731
90734
90738
90742
90745
90749
90752
90756
90760
90763
90767
90771
90774
90778
90782
90785
90789
90792
90796
90800
90803
90807
90811
90814
90818
90821
90825
90829
90832
90836
90840
90843
90847
90850
90854
90858
90861
90865
90869
90872
90876
90880
90883
90887
90890
90894
90898
90901
90905
90909
90912
90916
90919
90923
90927
90930
90934
90938
90941
90945
90948
90952
90956
90959
90963
90967
90970
90974
90978
90981
90985
90988
90992
90996
90999
91003
91007
91010
91014
91017
91021
91025
91028
91032
91036
91039
91043
91047
91050
91054
91057
91061
91065
91068
91072
91076
91079
91083
91086
91090
91094
91097
91101
91105
91108
91112
91115
91119
91123
91126
91130
91134
91137
91141
91145
91148
91152
91155
91159
91163
91166
91170
91174
91177
91181
91184
91188
91192
91195
91199
91203
91206
91210
91213
91217
91221
91224
91228
91232
91235
91239
91243
91246
91250
91253
91257
91261
91264
91268
91272
91275
91279
91282
91286
91290
91293
91297
91301
91304
91308
91311
91315
91319
91322
91326
91330
91333
91337
91341
91344
91348
91351
91355
91359
91362
91366
91370
91373
91377
91380
91384
91388
91391
91395
91399
91402
91406
91409
91413
91417
91420
91424
91428
91431
91435
91439
91442
91446
91449
91453
91457
91460
91464
91468
91471
91475
91478
91482
91486
91489
91493
91497
91500
91504
91508
91511
91515
91518
91522
91526
91529
91533
91537
91540
91544
91547
91551
91555
91558
91562
91566
91569
91573
91576
91580
91584
91587
91591
91595
91598
91602
91606
91609
91613
91616
91620
91624
91627
91631
91635
91638
91642
91645
91649
91653
91656
91660
91664
91667
91671
91674
91678
91682
91685
91689
91693
91696
91700
91704
91709
91713
91717
91721
91725
91729
91732
91736
91740
91744
91748
91752
91755
91759
91763
91767
91771
91775
91778
91782
91786
91790
91794
91798
91802
91805
91809
91813
91817
91821
91825
91828
91832
91836
91840
91844
91848
91851
91855
91859
91863
91867
91871
91875
91878
91882
91886
91890
91894
91898
91901
91905
91909
91913
91917
91921
91924
91928
91932
91936
91940
91944
91948
91951
91955
91959
91963
91967
91971
91974
91978
91982
91986
91990
91994
91997
92001
92005
92009
92013
92017
92021
92024
92028
92032
92036
92040
92044
92047
92051
92055
92059
92063
92067
92070
92074
92078
92082
92086
92090
92094
92097
92101
92105
92109
92113
92117
92120
92124
92128
92132
92136
92140
92143
92147
92151
92155
92159
92163
92167
92170
92174
92178
92182
92186
92190
92193
92197
92201
92205
92209
92213
92216
92220
92224
92228
92232
92236
92240
92243
92247
92251
92255
92259
92263
92266
92270
92274
92278
92282
92286
92289
92293
92297
92301
92305
92309
92312
92316
92320
92324
92328
92332
92336
92339
92343
92347
92351
92355
92359
92362
92366
92370
92374
92378
92382
92385
92389
92393
92397
92401
92405
92409
92412
92416
92420
92424
92428
92432
92435
92439
92443
92447
92451
92455
92458
92462
92466
92470
92474
92478
92482
92485
92489
92493
92497
92501
92505
92508
92512
92516
92520
92524
92528
92531
92535
92539
92543
92547
92551
92555
92558
92562
92566
92570
92574
92578
92581
92585
92589
92593
92597
92601
92604
92608
92612
92616
92620
92624
92628
92631
92635
92639
92643
92647
92651
92654
92658
92662
92666
92670
92674
92677
92681
92685
92689
92693
92697
92701
92704
92708
92715
92719
92723
92727
92730
92734
92738
92742
92746
92749
92753
92757
92761
92765
92768
92772
92776
92780
92784
92787
92791
92795
92799
92803
92806
92810
92814
92818
92822
92825
92829
92833
92837
92841
92844
92848
92852
92856
92860
92863
92867
92871
92875
92879
92882
92886
92890
92894
92898
92901
92905
92909
92913
92917
92920
92924
92928
92932
92936
92939
92943
92947
92951
92955
92958
92962
92966
92970
92974
92977
92981
92985
92989
92993
92996
93000
93004
93008
93012
93015
93019
93023
93027
93031
93034
93038
93042
93046
93050
93053
93057
93061
93065
93069
93072
93076
93080
93084
93088
93091
93095
93099
93103
93107
93110
93114
93118
93122
93126
93129
93133
93137
93141
93145
93148
93152
93156
93160
93164
93167
93171
93175
93179
93183
93186
93190
93194
93198
93202
93205
93209
93213
93217
93221
93224
93228
93232
93236
93240
93243
93247
93251
93255
93259
93262
93266
93270
93274
93278
93281
93285
93289
93293
93297
93300
93304
93308
93312
93316
93319
93323
93327
93331
93335
93338
93342
93346
93350
93354
93357
93361
93365
93369
93373
93376
93380
93384
93388
93392
93395
93399
93403
93407
93411
93414
93418
93422
93426
93430
93433
93437
93441
93445
93448
93452
93456
93460
93464
93467
93471
93475
93479
93483
93486
93490
93494
93498
93502
93505
93509
93513
93517
93521
93524
93528
93532
93536
93540
93543
93547
93551
93555
93559
93562
93566
93570
93574
93578
93581
93585
93589
93593
93597
93600
93604
93608
93612
93616
93619
93623
93627
93631
93635
93638
93642
93646
93650
93654
93657
93661
93665
93669
93673
93676
93680
93684
93688
93692
93695
93699
93703
93707
93711
93714
93718
93722
93726
93732
93736
93740
93744
93748
93752
93756
93760
93764
93768
93772
93776
93779
93783
93787
93791
93795
93799
93803
93807
93811
93815
93819
93823
93826
93830
93834
93838
93842
93846
93850
93854
93858
93862
93866
93870
93873
93877
93881
93885
93889
93893
93897
93901
93905
93909
93913
93917
93920
93924
93928
93932
93936
93940
93944
93948
93952
93956
93960
93964
93967
93971
93975
93979
93983
93987
93991
93995
93999
94003
94007
94011
94014
94018
94022
94026
94030
94034
94038
94042
94046
94050
94054
94058
94061
94065
94069
94073
94077
94081
94085
94089
94093
94097
94101
94105
94108
94112
94116
94120
94124
94128
94132
94136
94140
94144
94148
94152
94155
94159
94163
94167
94171
94175
94179
94183
94187
94191
94195
94199
94202
94206
94210
94214
94218
94222
94226
94230
94234
94238
94242
94246
94249
94253
94257
94261
94265
94269
94273
94277
94281
94285
94289
94293
94296
94300
94304
94308
94312
94316
94320
94324
94328
94332
94336
94340
94343
94347
94351
94355
94359
94363
94367
94371
94375
94379
94383
94387
94390
94394
94398
94402
94406
94410
94414
94418
94422
94426
94430
94434
94437
94441
94445
94449
94453
94457
94461
94465
94469
94473
94477
94481
94484
94488
94492
94496
94500
94504
94508
94512
94516
94520
94524
94528
94531
94535
94539
94543
94547
94551
94555
94559
94563
94567
94571
94575
94578
94582
94586
94590
94594
94598
94602
94606
94610
94614
94618
94622
94625
94629
94633
94637
94641
94645
94649
94653
94657
94661
94665
94669
94672
94676
94680
94684
94688
94692
94696
94700
94704
94708
94712
94716
94719
94723
94727
94731
94735
94751
94765
94779
94793
94807
94821
94835
94849
94862
94876
94890
94904
94918
94932
94946
94960
94974
94987
95001
95015
95029
95043
95057
95071
95085
95099
95112
95126
95140
95154
95168
95182
95196
95210
95224
95237
95251
95265
95279
95293
95307
95321
95335
95349
95362
95376
95390
95404
95418
95432
95446
95460
95474
95487
95501
95515
95529
95543
95557
95571
95585
95599
95612
95626
95640
95654
95668
95682
95696
95710
95724
95737
95751
95765
95779
95793
95808
95819
95830
95841
95852
95863
95874
95885
95896
95907
95918
95929
95940
95951
95962
95973
95984
95995
96006
96017
96028
96039
96050
96061
96072
96083
96094
96105
96115
96126
96137
96148
96159
96170
96181
96192
96203
96214
96225
96236
96247
96258
96269
96280
96291
96302
96313
96324
96335
96346
96357
96368
96379
96390
96401
96412
96422
96433
96444
96455
96466
96477
96488
96499
96510
96521
96532
96543
96554
96565
96576
96587
96598
96609
96620
96631
96642
96653
96664
96675
96686
96697
96708
96719
96730
96740
96751
96762
96773
96784
96795
96806
96817
96828
96838
96848
96858
96868
96878
96889
96899
96909
96919
96929
96939
96950
96960
96970
96980
96990
97000
97011
97021
97031
97041
97051
97061
97072
97082
97092
97102
97112
97122
97132
97143
97153
97163
97173
97183
97193
97204
97214
97224
97234
97244
97254
97265
97275
97285
97295
97305
97315
97326
97336
97346
97356
97366
97376
97386
97397
97407
97417
97427
97437
97447
97458
97468
97478
97488
97498
97508
97519
97529
97539
97549
97559
97569
97580
97590
97600
97610
97620
97630
97640
97651
97661
97671
97681
97691
97701
97712
97722
97732
97742
97752
97762
97773
97783
97793
97803
97813
97823
97841
97853
97865
97878
97890
97902
97915
97927
97939
97952
97964
97976
97989
98001
98013
98026
98038
98050
98063
98075
98087
98100
98112
98124
98137
98149
98161
98174
98186
98198
98211
98223
98235
98248
98260
98272
98285
98297
98309
98322
98334
98346
98359
98371
98383
98396
98408
98420
98433
98445
98457
98470
98482
98494
98507
98519
98531
98544
98556
98568
98581
98593
98605
98618
98630
98642
98655
98667
98679
98692
98704
98716
98729
98741
98753
98766
98778
98790
98803
98815
98827
98893
98957
99021
99085
99149
99213
99277
99341
99405
99469
99533
99597
99661
99725
99789
99866
99883
99900
99917
99934
99951
99967
99984
100001
100018
100035
100052
100068
100085
100102
100119
100136
100153
100169
100186
100203
100220
100237
100254
100271
100287
100304
100321
100338
100355
100372
100388
100405
100422
100439
100456
100473
100489
100506
100523
100540
100557
100574
100590
100607
100624
100641
100658
100675
100692
100708
100725
100742
100759
100776
100793
100809
100826
100843
100860
100877
100894
100910
100925
100941
100956
100972
100987
101003
101018
101034
101049
101065
101080
101096
101112
101127
101143
101158
101174
101189
101205
101220
101236
101251
101267
101282
101298
101313
101329
101345
101360
101376
101391
101407
101422
101438
101453
101469
101484
101500
101515
101531
101546
101562
101578
101593
101609
101624
101640
101655
101671
101686
101702
101717
101733
101748
101764
101779
101795
101811
101826
101842
101857
101873
101888
101916
101933
101950
101967
101984
102001
102018
102035
102052
102069
102086
102103
102120
102137
102154
102171
102188
102205
102223
102240
102257
102274
102291
102308
102325
102342
102359
102376
102393
102410
102427
102444
102461
102478
102495
102512
102530
102547
102564
102581
102598
102615
102632
102649
102666
102683
102700
102717
102734
102751
102768
102785
102802
102819
102837
102854
102871
102888
102905
102935
102961
102987
103013
103038
103064
103090
103116
103141
103167
103193
103219
103244
103270
103296
103322
103347
103373
103399
103425
103450
103476
103502
103528
103553
103579
103605
103631
103656
103682
103708
103734
103759
103785
103811
103837
103862
103888
103914
103939
103958
103977
103996
104015
104034
104053
104072
104091
104110
104129
104148
104167
104186
104205
104224
104242
104261
104280
104299
104318
104337
104356
104375
104394
104413
104432
104451
104470
104489
104508
104527
104545
104564
104583
104602
104621
104640
104659
104678
104697
104716
104735
104754
104773
104792
104811
104830
104848
104867
104886
104905
104924
104943
104956
104969
104982
104995
105008
105021
105034
105047
105059
105072
105085
105098
105111
105124
105137
105150
105163
105175
105188
105201
105214
105227
105240
105253
105266
105279
105291
105304
105317
105330
105343
105356
105369
105382
105395
105407
105420
105433
105446
105459
105472
105485
105498
105511
105523
105536
105549
105562
105575
105588
105601
105614
105627
105639
105652
105665
105678
105691
105704
105717
105730
105743
105755
105768
105781
105794
105807
105820
105833
105846
105859
105871
105884
105897
105910
105923
105936
105954
105967
105980
105993
106005
106018
106031
106044
106056
106069
106082
106095
106107
106120
106133
106146
106158
106171
106184
106197
106210
106222
106235
106248
106261
106273
106286
106299
106312
106324
106337
106350
106363
106375
106388
106401
106414
106427
106439
106452
106465
106478
106490
106503
106516
106529
106541
106554
106567
106580
106592
106605
106618
106631
106644
106656
106669
106682
106695
106707
106720
106733
106746
106758
106771
106784
106797
106809
106822
106835
106848
106861
106873
106886
106899
106912
106924
106937
106950
106963
106975
106988
107001
107014
107026
107039
107052
107065
107077
107090
107103
107116
107129
107141
107154
107207
107252
107297
107342
107388
107433
107478
107523
107568
107614
107659
107704
107749
107795
107840
107885
107930
107975
108021
108066
108111
108156
108216
108240
108263
108287
108310
108334
108357
108381
108404
108428
108451
108475
108499
108522
108546
108569
108593
108616
108640
108663
108687
108710
108734
108757
108781
108805
108828
108852
108875
108899
108922
108946
108969
108993
109016
109040
109063
109087
109111
109134
109158
109181
109223
109244
109265
109286
109307
109328
109349
109370
109391
109412
109433
109453
109474
109495
109516
109537
109558
109579
109600
109621
109642
109663
109684
109704
109725
109746
109767
109788
109809
109830
109851
109872
109893
109914
109935
109955
109976
109997
110018
110039
110060
110081
110102
110123
110144
110165
110186
110206
110248
110283
110318
110353
110388
110423
110458
110493
110528
110563
110598
110633
110668
110703
110738
110773
110808
110843
110878
110913
110947
110982
111017
111052
111087
111122
111157
111192
111227
111301
111369
111437
111505
111573
111641
111708
111776
111844
111912
111980
112048
112116
112183
112251
112372
112430
112488
112546
112604
112662
112720
112778
112837
112895
112953
113011
113069
113127
113185
113243
113301
113360
113476
113579
113682
113784
113887
113990
114092
114195
114298
114400
114511
114617
114723
114829
114936
115042
115148
115254
115360
115467
115573
115679
115785
115891
115998
116104
116210
116316
116422
116529
116601
116666
116731
116796
116861
116926
116991
117056
117121
117186
117251
117316
117382
117447
117512
117646
117747
117847
117948
118049
118149
118250
118350
118451
118552
118734
118820
118906
118992
119078
119164
119250
119336
119422
119508
119594
119707
119747
119786
119826
119865
119905
119944
119984
120023
120063
120103
120142
120182
120221
120261
120300
120340
120379
120419
120459
120498
120538
120577
120617
120656
120770
120862
120954
121046
121138
121230
121323
121415
121507
121599
121761
121842
121924
122005
122086
122168
122249
122331
122412
122493
122575
122656
122829
122940
123051
123162
123273
123384
123494
123605
123716
123802
123875
123947
124020
124093
124165
124238
124311
124383
124456
124529
124601
124674
124746
124887
124984
125081
125178
125274
125371
125468
125565
125661
125758
125933
126017
126101
126184
126268
126352
126436
126519
126603
126687
126771
126854
126938
127022
127159
127245
127331
127417
127503
127589
127675
127761
127847
127933
128019
128105
128191
128346
128442
128538
128635
128731
128827
128924
129020
129116
129213
129342
129430
129517
129605
129693
129780
129868
129956
130043
130131
130219
130306
130394
130526
130599
130671
130744
130816
130889
130962
131034
131107
131179
131252
131324
131397
131470
131582
131650
131718
131786
131855
131923
131991
132059
132128
132196
132264
132332
132401
132469
132537
132663
132755
132846
132938
133030
133121
133213
133305
133396
133488
133694
133812
133930
134048
134167
134285
134403
134521
134640
134758
134877
134941
135005
135068
135132
135196
135259
135323
135387
135451
135514
135578
135642
135705
135769
135833
135897
135991
136065
136139
136213
136287
136361
136435
136509
136583
136657
136731
136805
136879
136953
137077
137156
137235
137315
137394
137473
137553
137632
137711
137790
137870
137949
138028
138108
138233
138310
138387
138465
138542
138619
138696
138774
138851
138928
139005
139083
139160
139237
139315
139435
139516
139598
139679
139760
139842
139923
140005
140086
140167
140249
140330
140456
140518
140580
140642
140704
140766
140828
140890
140952
141014
141076
141138
141200
141263
141325
141387
141499
141585
141671
141757
141843
141930
142016
142102
142188
142274
142361
142499
142566
142633
142700
142767
142834
142901
142968
143035
143102
143169
143236
143303
143370
143437
143572
143672
143772
143872
143972
144073
144173
144273
144373
144473
144539
144600
144661
144722
144783
144844
144905
144966
145028
145089
145150
145211
145272
145333
145394
145455
145516
145618
145699
145781
145862
145943
146025
146106
146188
146269
146350
146432
146513
146648
146719
146791
146862
146934
147005
147077
147148
147220
147291
147363
147434
147506
147577
147704
147787
147870
147954
148037
148120
148204
148287
148370
148453
148537
148620
148732
148804
148877
148949
149022
149094
149167
149239
149311
149384
149456
149529
149601
149674
149800
149884
149968
150052
150136
150220
150304
150388
150471
150555
150639
150723
150807
150891
151010
151078
151146
151214
151283
151351
151419
151487
151555
151624
151692
151760
151828
151896
151965
152033
152101
152209
152295
152381
152467
152552
152638
152724
152810
152895
152981
153067
153153
153311
153403
153494
153586
153677
153769
153860
153952
154044
154135
154312
154403
154494
154585
154676
154767
154857
154948
155039
155130
155221
155400
155501
155603
155704
155805
155907
156008
156110
156211
156312
156414
156576
156650
156725
156799
156873
156948
157022
157096
157171
157245
157319
157394
157468
157595
157671
157748
157824
157900
157977
158053
158130
158206
158282
158359
158435
158512
158622
158680
158738
158796
158854
158912
158970
159028
159086
159144
159202
159260
159318
159376
159434
159492
159550
159646
159721
159796
159871
159946
160021
160096
160171
160246
160322
160397
160472
160547
160622
160746
160824
160902
160980
161058
161136
161214
161292
161370
161448
161526
161604
161682
161773
161842
161910
161979
162047
162116
162185
162253
162322
162390
162459
162528
162596
162665
162772
162839
162906
162973
163040
163107
163174
163241
163308
163375
163442
163509
163576
163643
163710
163837
163930
164022
164115
164207
164300
164392
164485
164577
164670
164762
164832
164899
164966
165034
165101
165168
165235
165303
165370
165437
165505
165572
165639
165706
165774
165872
165935
165999
166062
166125
166189
166252
166315
166379
166442
166505
166569
166632
166695
166759
166822
166942
167035
167128
167221
167314
167407
167500
167593
167686
167779
167940
168011
168082
168153
168224
168295
168366
168437
168508
168579
168650
168721
168792
168863
168973
169040
169108
169175
169242
169310
169377
169444
169512
169579
169646
169714
169781
169848
169916
170015
170079
170143
170208
170272
170336
170401
170465
170529
170594
170658
170722
170787
170851
170915
170980
171097
171186
171276
171365
171455
171544
171634
171723
171812
171902
171991
172077
172143
172209
172274
172340
172406
172471
172537
172603
172668
172734
172800
172865
172931
172997
173062
173153
173216
173279
173343
173406
173469
173533
173596
173659
173722
173786
173849
173912
173976
174039
174102
174225
174322
174419
174516
174613
174710
174807
174904
175001
175097
175220
175291
175363
175434
175506
175577
175649
175720
175792
175863
175935
176006
176078
176149
176260
176327
176395
176462
176530
176597
176664
176732
176799
176867
176934
177001
177069
177136
177204
177316
177393
177471
177548
177625
177703
177780
177857
177935
178012
178089
178167
178244
178388
178480
178572
178664
178756
178848
178940
179032
179123
179215
179307
179382
179450
179519
179587
179655
179724
179792
179860
179929
179997
180066
180134
180202
180271
180339
180460
180546
180632
180718
180804
180890
180976
181061
181147
181233
181319
181466
181539
181612
181685
181758
181831
181904
181977
182050
182123
182196
182269
182341
182414
182571
182684
182797
182910
183023
183136
183249
183362
183476
183602
183665
183728
183791
183854
183917
183980
184043
184106
184169
184232
184295
184358
184421
184484
184547
184658
184743
184827
184912
184996
185081
185165
185250
185334
185419
185503
185653
185731
185808
185886
185964
186041
186119
186197
186274
186352
186429
186507
186585
186713
186788
186863
186938
187013
187088
187163
187238
187313
187388
187463
187538
187613
187733
187803
187873
187942
188012
188082
188151
188221
188291
188360
188430
188500
188570
188639
188755
188828
188901
188974
189047
189121
189194
189267
189340
189413
189486
189560
189633
189793
189903
190014
190124
190234
190345
190455
190566
190676
190786
190953
191044
191135
191226
191317
191408
191499
191590
191681
191772
191863
192021
192101
192182
192262
192343
192423
192503
192584
192664
192745
192825
192905
192986
193126
193212
193298
193384
193469
193555
193641
193727
193813
193898
193984
194172
194286
194399
194513
194627
194740
194854
194968
195177
195273
195369
195466
195562
195658
195755
195851
195947
196044
196140
196320
196417
196514
196611
196708
196805
196902
196999
197097
197194
197291
197388
197543
197622
197701
197780
197859
197939
198018
198097
198176
198255
198334
198414
198493
198628
198708
198788
198869
198949
199029
199109
199190
199270
199350
199430
199511
199591
199724
199802
199881
199959
200037
200116
200194
200273
200351
200429
200508
200586
200733
200819
200905
200991
201077
201163
201249
201335
201421
201507
201593
201769
201872
201975
202077
202180
202283
202385
202488
202591
202693
202790
202883
202975
203068
203161
203253
203346
203439
203531
203624
203804
203895
203986
204077
204168
204259
204350
204441
204532
204623
204714
204879
204967
205055
205143
205231
205319
205407
205495
205582
205670
205758
205943
206053
206162
206272
206381
206491
206600
206710
206819
206929
207025
207117
207208
207300
207391
207483
207574
207666
207758
207849
208034
208133
208232
208330
208429
208528
208626
208725
208824
208922
209115
209215
209315
209415
209514
209614
209714
209814
209914
210013
210112
210207
210301
210396
210490
210585
210679
210774
210868
210963
211058
211218
211296
211375
211453
211531
211610
211688
211767
211845
211923
212002
212080
212230
212320
212410
212500
212590
212679
212769
212859
212949
213039
213129
213218
213332
213443
213555
213666
213778
213889
214001
214112
214223
214335
214452
214564
214676
214788
214900
215012
215124
215236
215348
215460
215571
215679
215786
215894
216001
216109
216216
216324
216432
216539
216663
216783
216902
217022
217141
217261
217380
217500
217619
217739
217854
217966
218078
218189
218301
218413
218525
218636
218748
218867
218972
219076
219181
219286
219390
219495
219599
219704
219809
220006
220104
220203
220301
220400
220498
220596
220695
220793
220892
221087
221189
221292
221394
221497
221599
221702
221804
221906
222009
222203
222300
222397
222494
222591
222688
222785
222882
222979
223076
223284
223399
223515
223630
223746
223861
223977
224092
224207
224323
224445
224563
224681
224800
224918
225036
225155
225273
225391
225508
225610
225712
225814
225915
226017
226119
226221
226322
226424
226483
226539
226595
226651
226707
226763
226819
226875
226931
226987
227043
227099
227155
227211
227267
227323
227379
227435
227560
227670
227781
227891
228002
228112
228223
228333
228444
228554
228702
228754
228807
228859
228911
228964
229016
229068
229121
229173
229226
229278
229330
229383
229435
229487
229540
229592
229645
229710
229768
229826
229884
229941
229999
230057
230115
230173
230230
230288
230346
230404
230461
230519
230577
230635
230693
230807
230906
231005
231104
231203
231302
231401
231500
231599
231698
231797
231896
231970
232028
232086
232144
232201
232259
232317
232375
232432
232490
232548
232606
232663
232721
232779
232837
232895
232973
233033
233093
233153
233213
233273
233332
233392
233452
233512
233572
233632
233691
233751
233811
233871
233931
234019
234086
234153
234220
234287
234354
234421
234488
234555
234622
234689
234756
234823
234890
234957
235024
235091
235158
235225
235292
235423
235491
235559
235627
235695
235763
235831
235899
235967
236035
236103
236171
236239
236307
236375
236443
236511
236579
236652
236709
236766
236823
236880
236937
236994
237051
237108
237165
237222
237279
237336
237393
237450
237507
237564
237621
237701
237767
237833
237900
237966
238032
238098
238165
238231
238297
238364
238430
238496
238562
238629
238695
238761
238865
238935
239004
239074
239143
239213
239283
239352
239422
239491
239561
239631
239700
239770
239839
239925
239975
240025
240075
240125
240175
240225
240275
240325
240375
240425
240475
240525
240575
240625
240675
240725
240775
240825
240875
240953
241027
241101
241175
241249
241323
241397
241471
241545
241619
241693
241767
241841
241916
241990
242064
242170
242244
242318
242392
242466
242540
242614
242688
242762
242836
242910
242985
243059
243153
243210
243267
243324
243381
243438
243495
243552
243609
243666
243723
243780
243837
243894
243951
244008
244065
244122
244193
244250
244307
244364
244421
244478
244534
244591
244648
244705
244762
244819
244876
244932
244989
245046
245103
245160
245231
245288
245345
245402
245460
245517
245574
245631
245689
245746
245803
245860
245918
245975
246032
246089
246147
246204
246314
246411
246508
246605
246701
246798
246895
246992
247088
247185
247295
247351
247407
247463
247519
247575
247631
247686
247742
247798
247854
247910
247966
248022
248077
248133
248189
248245
248330
248401
248471
248542
248613
248683
248754
248825
248895
248966
249037
249107
249178
249249
249319
249390
249477
249535
249593
249651
249708
249766
249824
249882
249940
249997
250055
250113
250171
250229
250286
250344
250402
250561
250680
250800
250919
251039
251158
251278
251397
251517
251687
251753
251819
251885
251951
252017
252083
252149
252215
252281
252347
252413
252479
252545
252611
252677
252743
252809
252875
252947
253008
253069
253130
253191
253251
253312
253373
253434
253495
253556
253616
253677
253738
253799
253860
253921
254044
254147
254250
254353
254456
254559
254662
254766
254869
254972
255075
255178
255281
255384
255544
255624
255704
255784
255864
255943
256023
256103
256183
256263
256342
256422
256571
256657
256743
256829
256915
257001
257087
257173
257259
257345
257431
257573
257641
257709
257777
257845
257914
257982
258050
258118
258186
258254
258323
258391
258459
258527
258634
258707
258779
258852
258924
258997
259069
259142
259215
259287
259360
259432
259505
259577
259650
259761
259835
259909
259983
260057
260131
260205
260279
260353
260427
260501
260575
260650
260724
260856
260944
261032
261120
261208
261296
261384
261472
261559
261647
261735
261823
261978
262066
262153
262241
262328
262416
262503
262591
262678
262766
262854
262994
263059
263123
263188
263253
263317
263382
263447
263511
263576
263640
263705
263770
263834
263899
264001
264071
264141
264211
264281
264351
264421
264491
264561
264630
264700
264770
264840
264910
264980
265107
265218
265329
265440
265551
265662
265773
265884
265995
266158
266224
266290
266356
266422
266488
266553
266619
266685
266751
266817
266883
266949
267014
267080
267184
267254
267324
267393
267463
267533
267603
267672
267742
267812
267881
267951
268021
268091
268160
268309
268422
268535
268648
268761
268874
268987
269100
269213
269363
269429
269495
269560
269626
269692
269757
269823
269889
269954
270020
270086
270151
270217
270283
270348
270445
270515
270584
270654
270723
270793
270863
270932
271002
271071
271141
271211
271280
271350
271419
271529
271602
271675
271749
271822
271895
271969
272042
272115
272189
272262
272335
272409
272527
272596
272665
272734
272803
272871
272940
273009
273078
273147
273215
273284
273353
273422
273545
273627
273709
273791
273873
273955
274037
274118
274200
274282
274364
274446
274528
274648
274713
274777
274842
274906
274971
275036
275100
275165
275229
275294
275358
275423
275488
275552
275617
275681
275815
275928
276040
276153
276266
276378
276491
276604
276716
276876
276948
277021
277093
277165
277238
277310
277382
277455
277527
277600
277672
277744
277817
277933
278005
278078
278150
278223
278295
278368
278440
278513
278585
278658
278730
278803
278875
278948
279053
279121
279189
279257
279325
279393
279462
279530
279598
279666
279734
279802
279871
279939
280007
280075
280221
280337
280453
280569
280685
280802
280918
281034
281214
281281
281348
281415
281481
281548
281615
281682
281748
281815
281882
281949
282016
282082
282149
282216
282283
282375
282445
282515
282585
282654
282724
282794
282864
282934
283003
283073
283143
283213
283283
283352
283452
283517
283581
283646
283711
283775
283840
283905
283969
284034
284099
284163
284228
284292
284357
284422
284486
284551
284616
284719
284811
284903
284995
285087
285179
285271
285364
285456
285548
285640
285732
285824
285916
286008
286101
286172
286235
286298
286362
286425
286488
286552
286615
286678
286741
286805
286868
286931
286995
287058
287121
287227
287306
287385
287464
287543
287622
287701
287780
287859
287938
288017
288096
288175
288301
288372
288443
288514
288586
288657
288728
288799
288870
288942
289013
289084
289155
289226
289378
289487
289595
289704
289812
289921
290029
290138
290246
290355
290463
290586
290662
290738
290814
290890
290967
291043
291119
291195
291271
291347
291424
291500
291576
291652
291755
291818
291882
291945
292009
292072
292135
292199
292262
292326
292389
292452
292516
292579
292643
292706
292836
292938
293040
293142
293244
293346
293448
293550
293652
293820
293890
293960
294030
294100
294170
294240
294310
294380
294450
294519
294589
294659
294729
294844
294917
294990
295063
295136
295210
295283
295356
295429
295502
295575
295649
295722
295847
295921
295995
296069
296143
296217
296291
296365
296439
296513
296587
296661
296736
296810
296923
296993
297063
297133
297202
297272
297342
297412
297481
297551
297621
297691
297760
297830
297968
298063
298158
298254
298349
298444
298540
298635
298730
298826
298921
299070
299144
299219
299293
299368
299442
299517
299591
299666
299740
299815
299889
299964
300099
300183
300268
300352
300437
300521
300606
300690
300774
300859
300943
301086
301156
301226
301296
301365
301435
301505
301575
301644
301714
301784
301854
301923
301993
302110
302184
302259
302333
302408
302482
302556
302631
302705
302780
302854
302928
303003
303118
303183
303248
303313
303377
303442
303507
303572
303636
303701
303766
303831
303895
303960
304025
304154
304250
304346
304442
304538
304634
304730
304826
304922
305018
305113
305274
305353
305432
305511
305590
305668
305747
305826
305905
305984
306063
306141
306220
306299
306378
306504
306590
306676
306762
306848
306934
307020
307106
307192
307278
307364
307450
307536
307669
307760
307851
307942
308033
308124
308215
308306
308397
308488
308579
308670
308818
308896
308974
309052
309130
309208
309286
309365
309443
309521
309599
309677
309755
309833
309956
310032
310108
310184
310260
310336
310412
310488
310564
310640
310716
310792
310868
311007
311095
311182
311270
311358
311445
311533
311621
311708
311796
311884
311971
312059
312231
312343
312455
312567
312679
312791
312902
313014
313126
313238
313333
313425
313516
313608
313700
313791
313883
313975
314066
314158
314332
314418
314504
314590
314676
314762
314848
314934
315020
315106
315192
315347
315428
315509
315590
315671
315752
315833
315915
315996
316077
316158
316239
316406
316510
316614
316718
316822
316926
317030
317133
317237
317341
317435
317526
317617
317708
317799
317890
317980
318071
318162
318253
318344
318523
318623
318723
318823
318923
319023
319124
319224
319324
319424
